#Terbiung Messung 2: Nullfeldgekühlt, mit aufmagnetisierung (max)
#T(K)        U(V)
96,772	12,403
96,804	12,402
96,856	12,402
96,931	12,402
96,988	12,403
97,046	12,403
97,107	12,403
97,174	12,403
97,242	12,404
97,311	12,404
97,386	12,404
97,435	12,404
97,512	12,404
97,621	12,404
97,671	12,404
97,783	12,404
97,832	12,404
97,937	12,404
98,014	12,404
98,087	12,404
98,133	12,404
98,224	12,404
98,289	12,404
98,328	12,405
98,387	12,404
98,445	12,404
98,499	-0,090
98,593	-0,083
98,665	-0,079
98,718	-0,077
98,768	-0,075
98,819	-0,075
98,869	-0,082
98,920	-0,081
98,968	-0,078
99,018	-0,076
99,067	-0,080
99,115	-0,080
99,164	-0,079
99,210	-0,076
99,269	-0,072
99,308	-0,065
99,357	-0,063
99,404	-0,062
99,450	-0,063
99,514	-0,064
99,544	-0,066
99,592	-0,068
99,637	-0,070
99,686	-0,074
99,734	-0,073
99,780	-0,071
99,826	-0,072
99,872	-0,073
99,911	-0,074
99,966	-0,074
100,012	-0,078
100,058	-0,078
100,105	-0,075
100,158	-0,075
100,196	-0,075
100,244	-0,071
100,288	-0,071
100,337	-0,072
100,382	-0,074
100,430	-0,073
100,472	-0,071
100,519	-0,073
100,562	-0,071
100,631	-0,071
100,713	-0,071
100,801	-0,067
100,912	-0,068
101,038	-0,065
101,165	-0,065
101,313	-0,067
101,468	-0,063
101,631	-0,067
101,801	-0,071
101,971	-0,076
102,153	-0,076
102,338	-0,076
102,536	-0,077
102,731	-0,080
102,932	-0,082
103,138	-0,081
103,352	-0,085
103,562	-0,086
103,778	-0,085
103,994	-0,086
104,217	-0,088
104,431	-0,089
104,659	-0,089
104,886	-0,089
105,115	-0,088
105,344	-0,086
105,577	-0,087
105,808	-0,091
106,042	-0,089
106,280	-0,087
106,518	-0,089
106,758	-0,090
106,995	-0,089
107,238	-0,089
107,482	-0,088
107,726	-0,090
107,968	-0,091
108,210	-0,093
108,452	-0,089
108,696	-0,087
108,944	-0,085
109,189	-0,084
109,439	-0,087
109,685	-0,087
109,935	-0,090
110,182	-0,089
110,429	-0,088
110,677	-0,093
110,925	-0,095
111,173	-0,098
111,421	-0,098
111,674	-0,102
111,927	-0,098
112,178	-0,094
112,427	-0,094
112,678	-0,089
112,928	-0,084
113,182	-0,081
113,436	-0,083
113,687	-0,083
113,942	-0,082
114,197	-0,074
114,447	-0,078
114,698	-0,083
114,950	-0,092
115,200	-0,100
115,455	-0,100
115,711	-0,091
115,966	-0,083
116,216	-0,080
116,469	-0,077
116,718	-0,073
116,973	-0,070
117,222	-0,069
117,478	-0,067
117,733	-0,069
117,989	-0,074
118,242	-0,072
118,491	-0,071
118,745	-0,086
118,994	-0,094
119,246	-0,101
119,494	-0,100
119,746	-0,103
119,998	-0,103
120,250	-0,094
120,503	-0,095
120,750	-0,094
121,000	-0,094
121,246	-0,093
121,500	-0,092
121,747	-0,088
121,993	-0,089
122,239	-0,089
122,488	-0,088
122,732	-0,088
122,980	-0,091
123,225	-0,090
123,467	-0,082
123,714	-0,080
123,959	-0,084
124,200	-0,080
124,443	-0,080
124,685	-0,084
124,931	-0,087
125,170	-0,088
125,409	-0,089
125,651	-0,087
125,896	-0,085
126,139	-0,085
126,377	-0,084
126,613	-0,082
126,850	-0,082
127,086	-0,091
127,326	-0,094
127,569	-0,096
127,804	-0,093
128,039	-0,090
128,275	-0,092
128,508	-0,089
128,744	-0,089
128,976	-0,092
129,207	-0,091
129,438	-0,086
129,668	-0,096
129,899	-0,099
130,128	-0,094
130,357	-0,089
130,585	-0,088
130,813	-0,086
131,044	-0,085
131,271	-0,084
131,497	-0,087
131,724	-0,091
131,954	-0,083
132,179	-0,082
132,403	-0,086
132,630	-0,091
132,853	-0,091
133,076	-0,095
133,302	-0,097
133,528	-0,095
133,750	-0,097
133,970	-0,094
134,189	-0,095
134,412	-0,096
134,637	-0,100
134,857	-0,098
135,079	-0,100
135,296	-0,100
135,512	-0,095
135,733	-0,092
135,948	-0,095
136,165	-0,096
136,382	-0,089
136,597	-0,093
136,809	-0,097
137,023	-0,098
137,238	-0,095
137,443	-0,095
137,668	-0,097
137,879	-0,094
138,093	-0,101
138,306	-0,105
138,516	-0,105
138,725	-0,105
138,935	-0,105
139,148	-0,111
139,357	-0,110
139,564	-0,109
139,775	-0,107
139,986	-0,105
140,193	-0,102
140,403	-0,101
140,609	-0,097
140,817	-0,099
141,023	-0,100
141,226	-0,102
141,430	-0,106
141,637	-0,105
141,844	-0,107
142,047	-0,107
142,250	-0,103
142,462	-0,102
142,661	-0,100
142,861	-0,096
143,063	-0,095
143,264	-0,093
143,466	-0,090
143,665	-0,091
143,864	-0,090
144,069	-0,091
144,265	-0,093
144,463	-0,095
144,665	-0,092
144,855	-0,091
145,061	-0,089
145,261	-0,091
145,458	-0,090
145,656	-0,090
145,853	-0,090
146,051	-0,086
146,247	-0,084
146,444	-0,087
146,639	-0,090
146,836	-0,089
147,032	-0,088
147,227	-0,090
147,421	-0,089
147,615	-0,090
147,811	-0,093
148,003	-0,095
148,189	-0,098
148,383	-0,095
148,576	-0,090
148,766	-0,084
148,967	-0,086
149,158	-0,092
149,343	-0,099
149,536	-0,099
149,725	-0,099
149,929	-0,100
150,099	-0,101
150,285	-0,100
150,472	-0,102
150,662	-0,103
150,859	-0,100
151,038	-0,094
151,224	-0,091
151,397	-0,088
151,584	-0,089
151,782	-0,087
151,968	-0,086
152,151	-0,087
152,337	-0,084
152,521	-0,084
152,704	-0,083
152,885	-0,085
153,069	-0,088
153,248	-0,096
153,431	-0,094
153,608	-0,092
153,794	-0,096
153,970	-0,100
154,149	-0,104
154,331	-0,106
154,516	-0,109
154,692	-0,109
154,870	-0,110
155,047	-0,110
155,224	-0,113
155,400	-0,116
155,576	-0,112
155,748	-0,109
155,926	-0,108
156,106	-0,098
156,282	-0,092
156,458	-0,092
156,631	-0,097
156,805	-0,098
156,980	-0,095
157,152	-0,104
157,330	-0,107
157,495	-0,108
157,669	-0,108
157,844	-0,106
158,013	-0,107
158,185	-0,108
158,357	-0,109
158,528	-0,111
158,698	-0,108
158,867	-0,106
159,037	-0,103
159,206	-0,100
159,374	-0,098
159,542	-0,102
159,710	-0,102
159,877	-0,100
160,045	-0,098
160,211	-0,097
160,378	-0,098
160,545	-0,098
160,711	-0,101
160,876	-0,104
161,040	-0,105
161,206	-0,111
161,369	-0,115
161,533	-0,118
161,696	-0,119
161,859	-0,113
162,022	-0,109
162,184	-0,108
162,346	-0,106
162,507	-0,104
162,670	-0,105
162,831	-0,108
162,991	-0,113
163,152	-0,116
163,311	-0,118
163,471	-0,117
163,632	-0,116
163,790	-0,115
163,949	-0,116
164,107	-0,116
164,266	-0,117
164,425	-0,110
164,581	-0,110
164,739	-0,111
164,896	-0,109
165,053	-0,106
165,209	-0,102
165,365	-0,099
165,520	-0,101
165,676	-0,103
165,831	-0,101
165,986	-0,100
166,140	-0,098
166,295	-0,100
166,448	-0,104
166,602	-0,105
166,755	-0,108
166,908	-0,109
167,060	-0,113
167,211	-0,113
167,363	-0,113
167,515	-0,112
167,665	-0,107
167,817	-0,107
167,967	-0,108
168,117	-0,116
168,267	-0,111
168,416	-0,107
168,566	-0,101
168,715	-0,099
168,863	-0,099
169,011	-0,096
169,159	-0,092
169,307	-0,092
169,454	-0,094
169,600	-0,093
169,747	-0,096
169,893	-0,097
170,039	-0,098
170,185	-0,097
170,330	-0,095
170,475	-0,097
170,620	-0,096
170,765	-0,097
170,909	-0,099
171,054	-0,106
171,198	-0,107
171,341	-0,101
171,484	-0,099
171,628	-0,100
171,772	-0,101
171,915	-0,098
172,058	-0,096
172,200	-0,093
172,342	-0,094
172,485	-0,093
172,626	-0,092
172,767	-0,093
172,908	-0,097
173,049	-0,099
173,190	-0,105
173,329	-0,108
173,469	-0,110
173,608	-0,106
173,747	-0,104
173,885	-0,103
174,025	-0,100
174,163	-0,099
174,301	-0,096
174,437	-0,090
174,575	-0,087
174,712	-0,083
174,848	-0,085
174,984	-0,092
175,120	-0,094
175,257	-0,096
175,392	-0,102
175,526	-0,104
175,661	-0,106
175,795	-0,105
175,928	-0,099
176,063	-0,096
176,195	-0,101
176,328	-0,105
176,461	-0,109
176,593	-0,109
176,725	-0,111
176,857	-0,109
176,988	-0,107
177,119	-0,106
177,251	-0,103
177,382	-0,101
177,511	-0,107
177,642	-0,105
177,772	-0,108
177,901	-0,117
178,026	-0,122
178,205	-0,125
178,334	-0,130
178,462	-0,131
178,590	-0,130
178,719	-0,129
178,847	-0,124
178,974	-0,122
179,101	-0,120
179,229	-0,119
179,356	-0,118
179,482	-0,114
179,609	-0,114
179,734	-0,116
179,860	-0,117
179,986	-0,126
180,112	-0,126
180,236	-0,122
180,360	-0,117
180,486	-0,118
180,611	-0,119
180,734	-0,120
180,858	-0,116
180,981	-0,114
181,104	-0,111
181,228	-0,113
181,350	-0,113
181,473	-0,111
181,595	-0,108
181,718	-0,107
181,839	-0,108
181,960	-0,111
182,083	-0,108
182,203	-0,109
182,323	-0,110
182,446	-0,109
182,565	-0,108
182,685	-0,107
182,805	-0,109
182,925	-0,114
183,044	-0,116
183,164	-0,114
183,282	-0,109
183,400	-0,113
183,519	-0,120
183,637	-0,120
183,754	-0,114
183,872	-0,111
183,989	-0,111
184,106	-0,113
184,223	-0,117
184,339	-0,117
184,455	-0,116
184,572	-0,118
184,688	-0,121
184,804	-0,122
184,920	-0,123
185,034	-0,126
185,150	-0,127
185,265	-0,127
185,379	-0,125
185,493	-0,123
185,608	-0,124
185,721	-0,125
185,832	-0,129
185,949	-0,127
186,062	-0,128
186,175	-0,127
186,289	-0,126
186,401	-0,125
186,513	-0,126
186,626	-0,122
186,738	-0,119
186,849	-0,118
186,960	-0,119
187,071	-0,119
187,182	-0,118
187,294	-0,116
187,405	-0,117
187,515	-0,116
187,625	-0,115
187,735	-0,117
187,845	-0,119
187,954	-0,121
188,063	-0,129
188,173	-0,132
188,282	-0,131
188,391	-0,128
188,500	-0,128
188,609	-0,124
188,717	-0,120
188,825	-0,117
188,932	-0,114
189,040	-0,119
189,148	-0,120
189,254	-0,118
189,362	-0,117
189,470	-0,121
189,576	-0,120
189,683	-0,119
189,790	-0,118
189,896	-0,115
190,001	-0,114
190,107	-0,113
190,213	-0,113
190,319	-0,116
190,423	-0,116
190,528	-0,118
190,634	-0,118
190,739	-0,119
190,843	-0,121
190,947	-0,121
191,052	-0,122
191,156	-0,125
191,260	-0,128
191,364	-0,125
191,468	-0,128
191,571	-0,129
191,675	-0,128
191,779	-0,128
191,880	-0,128
191,984	-0,125
192,090	-0,119
192,188	-0,120
192,291	-0,120
192,394	-0,121
192,494	-0,126
192,597	-0,127
192,699	-0,128
192,800	-0,125
192,901	-0,125
193,003	-0,128
193,105	-0,125
193,204	-0,120
193,305	-0,119
193,405	-0,120
193,505	-0,122
193,605	-0,121
193,707	-0,119
193,805	-0,122
193,908	-0,121
194,014	-0,120
194,105	-0,120
194,204	-0,121
194,303	-0,124
194,402	-0,126
194,501	-0,132
194,600	-0,132
194,699	-0,133
194,796	-0,132
194,894	-0,132
194,991	-0,128
195,089	-0,124
195,185	-0,118
195,282	-0,116
195,379	-0,119
195,475	-0,121
195,572	-0,123
195,669	-0,122
195,765	-0,119
195,861	-0,119
195,957	-0,121
196,053	-0,121
196,148	-0,124
196,244	-0,124
196,336	-0,121
196,435	-0,115
196,527	-0,116
196,623	-0,115
196,720	-0,116
196,818	-0,117
196,904	-0,118
197,003	-0,120
197,097	-0,120
197,191	-0,120
197,285	-0,121
197,379	-0,122
197,473	-0,121
197,566	-0,120
197,660	-0,118
197,750	-0,119
197,846	-0,121
197,936	-0,121
198,034	-0,123
198,126	-0,126
198,216	-0,128
198,312	-0,131
198,405	-0,135
198,495	-0,138
198,588	-0,138
198,680	-0,139
198,771	-0,141
198,863	-0,142
198,954	-0,139
199,045	-0,135
199,135	-0,136
199,228	-0,136
199,319	-0,135
199,411	-0,130
199,500	-0,134
199,591	-0,138
199,681	-0,135
199,771	-0,129
199,861	-0,121
199,951	-0,120
200,041	-0,118
200,131	-0,114
200,220	-0,114
200,311	-0,122
200,400	-0,129
200,490	-0,132
200,578	-0,129
200,669	-0,129
200,756	-0,131
200,848	-0,133
200,938	-0,134
201,028	-0,132
201,117	-0,131
201,207	-0,129
201,304	-0,127
201,388	-0,132
201,472	-0,130
201,570	-0,127
201,654	-0,127
201,743	-0,129
201,835	-0,135
201,927	-0,136
202,000	-0,138
202,097	-0,138
202,185	-0,136
202,274	-0,132
202,362	-0,130
202,450	-0,130
202,538	-0,125
202,626	-0,123
202,713	-0,120
202,801	-0,119
202,888	-0,117
202,975	-0,116
203,064	-0,123
203,151	-0,125
203,238	-0,127
203,325	-0,126
203,411	-0,125
203,498	-0,130
203,584	-0,134
203,670	-0,133
203,757	-0,130
203,843	-0,128
203,929	-0,130
204,015	-0,127
204,101	-0,128
204,187	-0,129
204,272	-0,130
204,357	-0,130
204,443	-0,129
204,527	-0,131
204,612	-0,128
204,698	-0,127
204,781	-0,129
204,865	-0,131
204,950	-0,130
205,034	-0,130
205,118	-0,131
205,202	-0,130
205,286	-0,129
205,370	-0,130
205,453	-0,130
205,535	-0,132
205,620	-0,136
205,703	-0,134
205,786	-0,130
205,869	-0,129
205,952	-0,131
206,034	-0,133
206,117	-0,135
206,200	-0,137
206,282	-0,138
206,364	-0,140
206,447	-0,143
206,529	-0,144
206,610	-0,142
206,692	-0,142
206,774	-0,142
206,856	-0,141
206,937	-0,144
207,018	-0,145
207,099	-0,146
207,180	-0,147
207,261	-0,148
207,341	-0,147
207,422	-0,147
207,502	-0,146
207,582	-0,142
207,662	-0,139
207,744	-0,135
207,824	-0,134
207,903	-0,135
207,982	-0,134
208,063	-0,128
208,143	-0,126
208,222	-0,128
208,300	-0,126
208,380	-0,125
208,459	-0,127
208,538	-0,127
208,618	-0,125
208,695	-0,124
208,774	-0,126
208,851	-0,128
208,929	-0,127
209,007	-0,132
209,086	-0,133
209,165	-0,134
209,241	-0,146
209,319	-0,145
209,396	-0,140
209,473	-0,140
209,551	-0,138
209,628	-0,135
209,709	-0,136
209,782	-0,135
209,859	-0,136
209,936	-0,140
210,012	-0,138
210,088	-0,140
210,166	-0,142
210,243	-0,142
210,318	-0,141
210,393	-0,139
210,470	-0,144
210,546	-0,144
210,617	-0,146
210,697	-0,144
210,773	-0,143
210,847	-0,145
210,922	-0,148
210,998	-0,148
211,073	-0,146
211,147	-0,142
211,222	-0,140
211,297	-0,142
211,372	-0,148
211,446	-0,150
211,519	-0,153
211,594	-0,157
211,669	-0,156
211,742	-0,154
211,815	-0,155
211,892	-0,152
211,963	-0,150
212,036	-0,150
212,110	-0,149
212,183	-0,147
212,257	-0,145
212,330	-0,144
212,404	-0,144
212,478	-0,145
212,551	-0,152
212,625	-0,157
212,698	-0,160
212,771	-0,156
212,845	-0,156
212,918	-0,157
212,991	-0,158
213,064	-0,153
213,136	-0,151
213,208	-0,151
213,282	-0,150
213,354	-0,150
213,427	-0,155
213,499	-0,160
213,573	-0,158
213,641	-0,155
213,708	-0,145
213,785	-0,138
213,859	-0,140
213,931	-0,137
214,004	-0,144
214,074	-0,154
214,145	-0,154
214,218	-0,149
214,288	-0,157
214,358	-0,159
214,429	-0,155
214,499	-0,154
214,570	-0,153
214,640	-0,148
214,710	-0,141
214,783	-0,136
214,852	-0,137
214,921	-0,136
214,991	-0,134
215,060	-0,139
215,130	-0,141
215,200	-0,138
215,269	-0,139
215,339	-0,141
215,408	-0,144
215,477	-0,143
215,546	-0,142
215,614	-0,140
215,683	-0,138
215,751	-0,139
215,820	-0,142
215,889	-0,142
215,957	-0,142
216,025	-0,143
216,094	-0,142
216,162	-0,144
216,229	-0,150
216,288	-0,148
216,364	-0,151
216,432	-0,148
216,506	-0,148
216,567	-0,153
216,634	-0,152
216,701	-0,152
216,768	-0,151
216,834	-0,153
216,902	-0,149
216,969	-0,153
217,035	-0,153
217,101	-0,154
217,167	-0,159
217,233	-0,161
217,298	-0,160
217,365	-0,160
217,431	-0,157
217,496	-0,157
217,563	-0,156
217,628	-0,156
217,695	-0,161
217,760	-0,162
217,825	-0,165
217,890	-0,163
217,955	-0,159
218,021	-0,158
218,087	-0,157
218,147	-0,153
218,215	-0,151
218,279	-0,153
218,344	-0,152
218,408	-0,154
218,472	-0,157
218,537	-0,160
218,601	-0,159
218,665	-0,161
218,729	-0,164
218,792	-0,162
218,857	-0,164
218,920	-0,167
218,983	-0,168
219,046	-0,165
219,109	-0,166
219,172	-0,169
219,238	-0,163
219,300	-0,157
219,362	-0,158
219,425	-0,157
219,488	-0,154
219,550	-0,154
219,613	-0,154
219,674	-0,152
219,736	-0,149
219,798	-0,149
219,861	-0,149
219,923	-0,146
219,983	-0,146
220,046	-0,147
220,107	-0,152
220,167	-0,158
220,229	-0,160
220,291	-0,159
220,352	-0,157
220,413	-0,155
220,475	-0,155
220,534	-0,156
220,596	-0,153
220,656	-0,148
220,717	-0,144
220,777	-0,142
220,837	-0,143
220,898	-0,145
220,958	-0,147
221,018	-0,147
221,078	-0,148
221,139	-0,150
221,198	-0,157
221,258	-0,159
221,318	-0,157
221,376	-0,156
221,435	-0,157
221,495	-0,155
221,554	-0,155
221,612	-0,159
221,673	-0,160
221,731	-0,156
221,790	-0,153
221,848	-0,152
221,908	-0,150
221,965	-0,153
222,024	-0,155
222,084	-0,152
222,142	-0,154
222,200	-0,154
222,258	-0,154
222,316	-0,153
222,373	-0,154
222,432	-0,153
222,489	-0,146
222,548	-0,146
222,606	-0,147
222,664	-0,148
222,719	-0,150
222,777	-0,147
222,835	-0,148
222,891	-0,147
222,948	-0,145
223,005	-0,145
223,061	-0,148
223,123	-0,148
223,175	-0,145
223,237	-0,147
223,290	-0,143
223,344	-0,136
223,402	-0,140
223,458	-0,142
223,514	-0,141
223,570	-0,139
223,626	-0,141
223,682	-0,146
223,738	-0,143
223,794	-0,149
223,850	-0,151
223,904	-0,149
223,960	-0,149
224,016	-0,150
224,071	-0,150
224,126	-0,149
224,181	-0,145
224,236	-0,149
224,291	-0,150
224,346	-0,152
224,400	-0,153
224,456	-0,153
224,511	-0,151
224,565	-0,150
224,619	-0,148
224,674	-0,145
224,729	-0,137
224,783	-0,141
224,837	-0,147
224,891	-0,153
224,945	-0,154
224,999	-0,150
225,053	-0,150
225,106	-0,157
225,160	-0,158
225,213	-0,157
225,267	-0,155
225,320	-0,156
225,373	-0,151
225,426	-0,148
225,480	-0,151
225,533	-0,148
225,586	-0,149
225,638	-0,155
225,692	-0,155
225,744	-0,153
225,797	-0,153
225,850	-0,159
225,902	-0,155
225,953	-0,155
226,006	-0,159
226,060	-0,158
226,111	-0,158
226,164	-0,156
226,216	-0,159
226,267	-0,160
226,320	-0,160
226,370	-0,163
226,423	-0,158
226,474	-0,157
226,527	-0,155
226,578	-0,156
226,629	-0,158
226,681	-0,160
226,732	-0,162
226,783	-0,163
226,835	-0,161
226,885	-0,163
226,936	-0,165
226,988	-0,160
227,039	-0,159
227,089	-0,160
227,140	-0,159
227,191	-0,154
227,241	-0,158
227,292	-0,161
227,342	-0,162
227,393	-0,164
227,442	-0,164
227,493	-0,164
227,543	-0,162
227,593	-0,161
227,643	-0,163
227,693	-0,161
227,744	-0,161
227,794	-0,160
227,844	-0,162
227,893	-0,165
227,939	-0,166
227,998	-0,167
228,039	-0,168
228,091	-0,167
228,140	-0,168
228,189	-0,170
228,239	-0,171
228,288	-0,174
228,337	-0,176
228,387	-0,176
228,435	-0,175
228,483	-0,175
228,532	-0,172
228,581	-0,171
228,629	-0,173
228,678	-0,172
228,725	-0,168
228,774	-0,164
228,822	-0,160
228,870	-0,160
228,919	-0,159
228,967	-0,157
229,015	-0,152
229,063	-0,151
229,109	-0,153
229,158	-0,156
229,205	-0,151
229,253	-0,155
229,300	-0,154
229,348	-0,159
229,396	-0,166
229,443	-0,166
229,491	-0,159
229,538	-0,159
229,586	-0,160
229,633	-0,159
229,680	-0,158
229,726	-0,153
229,773	-0,150
229,820	-0,147
229,867	-0,146
229,914	-0,145
229,962	-0,147
230,008	-0,150
230,055	-0,149
230,102	-0,147
230,147	-0,156
230,194	-0,160
230,240	-0,160
230,286	-0,158
230,333	-0,157
230,379	-0,161
230,425	-0,164
230,471	-0,160
230,517	-0,159
230,563	-0,160
230,608	-0,161
230,653	-0,162
230,699	-0,163
230,745	-0,165
230,790	-0,163
230,835	-0,163
230,880	-0,155
230,925	-0,147
230,970	-0,158
231,015	-0,160
231,061	-0,161
231,106	-0,159
231,150	-0,160
231,195	-0,165
231,240	-0,157
231,286	-0,155
231,325	-0,157
231,372	-0,158
231,419	-0,160
231,463	-0,162
231,508	-0,165
231,553	-0,166
231,597	-0,168
231,640	-0,166
231,685	-0,166
231,728	-0,167
231,773	-0,168
231,817	-0,171
231,860	-0,172
231,904	-0,168
231,949	-0,165
231,992	-0,163
232,036	-0,159
232,080	-0,156
232,124	-0,159
232,168	-0,159
232,211	-0,159
232,253	-0,161
232,297	-0,165
232,340	-0,166
232,384	-0,165
232,427	-0,166
232,470	-0,166
232,513	-0,168
232,556	-0,173
232,599	-0,173
232,641	-0,168
232,685	-0,164
232,727	-0,167
232,771	-0,162
232,814	-0,161
232,856	-0,163
232,898	-0,164
232,942	-0,165
232,984	-0,167
233,026	-0,164
233,068	-0,161
233,110	-0,158
233,153	-0,160
233,195	-0,163
233,237	-0,164
233,279	-0,163
233,322	-0,159
233,364	-0,160
233,406	-0,161
233,439	-0,162
233,489	-0,164
233,530	-0,166
233,572	-0,164
233,615	-0,160
233,656	-0,159
233,697	-0,160
233,739	-0,158
233,781	-0,158
233,823	-0,160
233,865	-0,163
233,905	-0,161
233,947	-0,161
233,988	-0,162
234,029	-0,161
234,070	-0,157
234,112	-0,160
234,153	-0,162
234,194	-0,160
234,234	-0,160
234,276	-0,157
234,316	-0,158
234,358	-0,161
234,397	-0,161
234,439	-0,163
234,480	-0,166
234,520	-0,168
234,561	-0,166
234,602	-0,159
234,642	-0,155
234,696	-0,153
234,737	-0,150
234,778	-0,155
234,804	-0,158
234,860	-0,159
234,899	-0,162
234,940	-0,162
234,980	-0,159
235,020	-0,163
235,060	-0,160
235,101	-0,159
235,141	-0,154
235,183	-0,152
235,220	-0,162
235,261	-0,162
235,287	-0,159
235,341	-0,157
235,381	-0,160
235,421	-0,159
235,460	-0,158
235,500	-0,159
235,540	-0,157
235,567	-0,158
235,620	-0,155
235,660	-0,159
235,699	-0,158
235,739	-0,154
235,778	-0,156
235,818	-0,158
235,843	-0,163
235,883	-0,164
235,935	-0,167
235,975	-0,165
236,000	-0,164
236,052	-0,164
236,092	-0,162
236,131	-0,158
236,170	-0,153
236,209	-0,152
236,248	-0,151
236,275	-0,157
236,327	-0,157
236,366	-0,151
236,405	-0,142
236,444	-0,155
236,484	-0,161
236,523	-0,165
236,562	-0,165
236,587	-0,186
236,640	-0,185
236,679	-0,180
236,719	-0,179
236,758	-0,171
236,797	-0,168
236,836	-0,163
236,876	-0,168
236,915	-0,168
236,941	-0,171
236,994	-0,171
237,034	-0,170
237,073	-0,166
237,112	-0,164
237,137	-0,164
237,176	-0,165
237,230	-0,167
237,269	-0,166
237,308	-0,163
237,347	-0,163
237,386	-0,163
237,412	-0,163
237,464	-0,163
237,502	-0,161
237,542	-0,158
237,581	-0,156
237,620	-0,156
237,659	-0,151
237,683	-0,154
237,736	-0,155
237,774	-0,156
237,812	-0,163
237,851	-0,164
237,875	-0,157
237,927	-0,158
237,966	-0,164
238,003	-0,168
238,041	-0,167
238,066	-0,166
238,118	-0,167
238,156	-0,170
238,194	-0,168
238,232	-0,168
238,270	-0,164
238,294	-0,164
238,332	-0,164
238,382	-0,163
238,419	-0,159
238,458	-0,155
238,482	-0,149
238,533	-0,149
238,558	-0,150
238,609	-0,151
238,646	-0,152
238,683	-0,154
238,708	-0,163
238,746	-0,166
238,797	-0,168
238,835	-0,168
238,873	-0,167
238,910	-0,168
238,948	-0,172
238,987	-0,172
239,024	-0,172
239,061	-0,172
239,098	-0,168
239,135	-0,167
239,160	-0,160
239,210	-0,163
239,247	-0,165
239,286	-0,163
239,309	-0,162
239,345	-0,161
239,383	-0,161
239,420	-0,163
239,455	-0,159
239,494	-0,162
239,531	-0,162
239,568	-0,161
239,604	-0,161
239,641	-0,163
239,692	-0,163
239,730	-0,164
239,765	-0,166
239,803	-0,167
239,841	-0,168
239,864	-0,165
239,914	-0,165
239,950	-0,166
239,987	-0,166
240,023	-0,167
240,061	-0,169
240,097	-0,170
240,133	-0,169
240,170	-0,168
240,206	-0,167
240,243	-0,165
240,280	-0,162
240,303	-0,161
240,352	-0,160
240,388	-0,156
240,413	-0,153
240,461	-0,154
240,497	-0,153
240,533	-0,156
240,570	-0,158
240,607	-0,156
240,643	-0,156
240,678	-0,157
240,715	-0,156
240,751	-0,155
240,787	-0,158
240,822	-0,159
240,859	-0,157
240,882	-0,156
240,931	-0,157
240,967	-0,159
241,003	-0,161
241,039	-0,164
241,075	-0,165
241,098	-0,165
241,146	-0,165
241,182	-0,165
241,218	-0,165
241,254	-0,165
241,289	-0,163
241,325	-0,162
241,361	-0,163
241,396	-0,163
241,431	-0,161
241,469	-0,164
241,504	-0,164
241,540	-0,161
241,575	-0,161
241,598	-0,162
241,646	-0,162
241,681	-0,167
241,717	-0,170
241,752	-0,171
241,788	-0,171
241,823	-0,173
241,846	-0,172
241,893	-0,172
241,929	-0,170
241,963	-0,170
241,999	-0,168
242,035	-0,164
242,069	-0,161
242,104	-0,160
242,140	-0,160
242,175	-0,163
242,209	-0,165
242,244	-0,165
242,281	-0,172
242,315	-0,168
242,350	-0,169
242,385	-0,170
242,420	-0,169
242,454	-0,165
242,490	-0,160
242,525	-0,157
242,560	-0,157
242,594	-0,160
242,629	-0,160
242,665	-0,158
242,700	-0,159
242,735	-0,162
242,769	-0,165
242,791	-0,167
242,838	-0,169
242,873	-0,176
242,909	-0,182
242,931	-0,182
242,976	-0,180
243,012	-0,178
243,046	-0,175
243,069	-0,167
243,115	-0,166
243,150	-0,165
243,184	-0,165
243,219	-0,163
243,254	-0,165
243,275	-0,159
243,322	-0,160
243,357	-0,158
243,391	-0,156
243,425	-0,157
243,459	-0,156
243,493	-0,154
243,516	-0,152
243,561	-0,152
243,596	-0,158
243,631	-0,160
243,652	-0,159
243,698	-0,159
243,733	-0,159
243,768	-0,157
243,802	-0,155
243,836	-0,152
243,858	-0,153
243,892	-0,150
243,938	-0,148
243,971	-0,144
244,005	-0,148
244,040	-0,151
244,074	-0,156
244,096	-0,148
244,141	-0,148
244,175	-0,147
244,209	-0,147
244,243	-0,144
244,277	-0,144
244,311	-0,147
244,333	-0,154
244,378	-0,154
244,411	-0,160
244,447	-0,160
244,479	-0,160
244,502	-0,163
244,547	-0,164
244,569	-0,165
244,603	-0,168
244,647	-0,168
244,680	-0,167
244,714	-0,165
244,748	-0,159
244,781	-0,156
244,803	-0,155
244,849	-0,156
244,883	-0,157
244,917	-0,154
244,949	-0,152
244,983	-0,151
245,017	-0,149
245,049	-0,152
245,084	-0,155
245,117	-0,158
245,151	-0,158
245,184	-0,163
245,204	-0,176
245,249	-0,177
245,282	-0,179
245,315	-0,173
245,349	-0,168
245,381	-0,166
245,415	-0,161
245,448	-0,157
245,469	-0,159
245,514	-0,159
245,548	-0,159
245,581	-0,158
245,614	-0,156
245,647	-0,156
245,669	-0,156
245,714	-0,156
245,747	-0,158
245,780	-0,159
245,812	-0,156
245,846	-0,155
245,879	-0,158
245,912	-0,156
245,933	-0,153
245,978	-0,152
246,010	-0,153
246,044	-0,152
246,078	-0,151
246,100	-0,153
246,132	-0,154
246,165	-0,152
246,210	-0,151
246,242	-0,152
246,263	-0,148
246,308	-0,148
246,341	-0,153
246,374	-0,160
246,407	-0,164
246,428	-0,159
246,472	-0,158
246,494	-0,161
246,537	-0,160
246,570	-0,161
246,602	-0,161
246,624	-0,162
246,668	-0,163
246,702	-0,163
246,734	-0,163
246,767	-0,160
246,799	-0,159
246,832	-0,157
246,864	-0,158
246,897	-0,159
246,931	-0,160
246,963	-0,160
246,985	-0,159
247,028	-0,157
247,061	-0,159
247,094	-0,160
247,115	-0,154
247,158	-0,154
247,191	-0,154
247,225	-0,153
247,245	-0,152
247,278	-0,150
247,321	-0,149
247,354	-0,148
247,375	-0,149
247,419	-0,148
247,452	-0,147
247,485	-0,144
247,517	-0,152
247,550	-0,158
247,571	-0,158
247,615	-0,158
247,647	-0,156
247,680	-0,157
247,714	-0,158
247,746	-0,159
247,778	-0,158
247,811	-0,158
247,845	-0,158
247,877	-0,154
247,910	-0,151
247,943	-0,152
247,975	-0,154
248,008	-0,156
248,029	-0,157
248,074	-0,157
248,107	-0,156
248,129	-0,154
248,160	-0,154
248,206	-0,153
248,239	-0,152
248,271	-0,151
248,304	-0,151
248,337	-0,151
248,359	-0,148
248,403	-0,149
248,424	-0,146
248,470	-0,145
248,491	-0,142
248,536	-0,142
248,558	-0,138
248,601	-0,139
248,635	-0,143
248,668	-0,147
248,702	-0,147
248,733	-0,145
248,767	-0,143
248,789	-0,146
248,834	-0,146
248,867	-0,146
248,900	-0,153
248,933	-0,158
248,966	-0,159
249,000	-0,158
249,034	-0,158
249,067	-0,157
249,101	-0,156
249,134	-0,154
249,167	-0,150
249,200	-0,149
249,233	-0,147
249,268	-0,146
249,301	-0,142
249,335	-0,143
249,368	-0,144
249,402	-0,145
249,436	-0,146
249,457	-0,153
249,503	-0,155
249,536	-0,158
249,558	-0,159
249,603	-0,159
249,637	-0,159
249,670	-0,149
249,692	-0,156
249,738	-0,156
249,772	-0,158
249,805	-0,162
249,840	-0,163
249,873	-0,163
249,895	-0,163
249,941	-0,162
249,975	-0,161
250,008	-0,160
