5.000000E+1
1.250538E+1
1.211923E+1
1.182717E+1
1.160327E+1
1.160002E+1
1.166492E+1
1.167466E+1
1.165194E+1
1.162923E+1
1.160651E+1
1.186287E+1
1.205757E+1
1.206730E+1
1.194399E+1
1.196995E+1
1.221982E+1
1.243075E+1
1.244048E+1
1.231717E+1
1.206406E+1
1.189532E+1
1.199591E+1
1.230095E+1
1.279095E+1
1.314465E+1
1.322254E+1
1.312843E+1
1.296293E+1
1.289803E+1
1.297591E+1
1.320631E+1
1.344644E+1
1.353081E+1
1.366062E+1
1.386830E+1
1.417982E+1
1.457571E+1
1.496836E+1
1.515658E+1
1.525393E+1
1.529936E+1
1.545187E+1
1.568227E+1
1.601326E+1
1.625015E+1
1.634426E+1
1.591267E+1
1.504624E+1
1.413763E+1
1.381962E+1
1.394293E+1
1.417982E+1
1.430962E+1
1.438426E+1
1.418307E+1
1.392995E+1
1.357300E+1
1.341075E+1
1.349512E+1
1.351783E+1
1.338154E+1
1.298565E+1
1.273578E+1
1.249565E+1
1.244373E+1
1.260922E+1
1.277148E+1
1.282989E+1
1.262545E+1
1.258975E+1
1.297267E+1
1.347240E+1
1.378068E+1
1.375797E+1
1.320631E+1
1.236585E+1
1.202187E+1
1.195373E+1
1.199267E+1
1.196671E+1
1.176227E+1
1.149293E+1
1.149942E+1
1.190830E+1
1.241777E+1
1.292399E+1
1.337505E+1
1.358922E+1
1.360545E+1
1.337505E+1
1.315764E+1
1.323876E+1
1.358598E+1
1.405975E+1
1.463737E+1
1.495538E+1
1.488075E+1
1.471201E+1
1.457571E+1
1.482558E+1
1.511439E+1
1.528638E+1
1.544863E+1
1.553300E+1
1.544538E+1
1.531883E+1
1.532207E+1
1.534479E+1
1.527989E+1
1.514684E+1
1.493591E+1
1.463088E+1
1.445240E+1
1.455624E+1
1.476068E+1
1.494565E+1
1.524095E+1
1.545512E+1
1.540320E+1
1.502353E+1
1.452379E+1
1.433558E+1
1.410843E+1
1.388452E+1
1.347565E+1
1.300512E+1
1.267413E+1
1.289803E+1
1.349836E+1
1.397538E+1
1.427393E+1
1.446214E+1
1.454975E+1
1.434532E+1
1.395916E+1
1.375472E+1
1.393320E+1
1.409220E+1
1.417333E+1
1.430638E+1
1.447187E+1
1.483856E+1
1.509167E+1
1.515009E+1
1.503975E+1
1.527989E+1
1.576340E+1
1.609439E+1
1.612360E+1
1.600028E+1
1.573095E+1
1.548757E+1
1.514684E+1
1.481260E+1
1.437128E+1
1.384558E+1
1.326797E+1
1.275201E+1
1.235936E+1
1.203485E+1
1.194075E+1
1.209975E+1
1.247618E+1
1.291750E+1
1.327446E+1
1.336532E+1
1.347889E+1
1.379691E+1
1.417009E+1
1.446214E+1
1.450757E+1
1.480611E+1
1.524419E+1
1.577638E+1
1.637671E+1
1.682452E+1
1.754492E+1
1.826532E+1
1.883320E+1
1.918042E+1
1.922910E+1
1.909605E+1
1.871314E+1
1.825234E+1
1.813876E+1
1.820042E+1
1.819393E+1
1.816148E+1
1.797002E+1
1.763254E+1
1.740539E+1
1.738592E+1
1.752545E+1
1.770393E+1
1.782724E+1
1.786943E+1
1.783049E+1
1.776559E+1
1.774287E+1
1.738267E+1
1.685048E+1
1.666876E+1
1.662009E+1
1.686346E+1
1.722042E+1
1.741837E+1
1.737294E+1
1.707764E+1
1.674015E+1
1.666876E+1
1.654221E+1
1.640591E+1
1.656492E+1
1.686346E+1
1.728856E+1
1.763254E+1
1.776559E+1
1.762929E+1
1.752545E+1
1.761956E+1
1.797976E+1
1.835618E+1
1.832698E+1
1.816148E+1
1.799274E+1
1.784347E+1
1.760658E+1
1.740539E+1
1.725611E+1
1.720095E+1
1.721393E+1
1.731128E+1
1.723664E+1
1.723015E+1
1.755141E+1
1.784022E+1
1.794731E+1
1.791161E+1
1.765525E+1
1.727883E+1
1.711658E+1
1.695757E+1
1.677260E+1
1.650002E+1
1.631830E+1
1.636697E+1
1.643512E+1
1.657790E+1
1.682777E+1
1.696082E+1
1.705492E+1
1.700625E+1
1.698678E+1
1.704519E+1
1.713605E+1
1.724638E+1
1.741188E+1
1.716201E+1
1.679532E+1
1.658764E+1
1.637022E+1
1.625340E+1
1.614307E+1
1.611711E+1
1.613658E+1
1.607817E+1
1.608141E+1
1.604572E+1
1.617552E+1
1.653247E+1
1.672717E+1
1.689591E+1
1.689267E+1
1.673691E+1
1.669472E+1
1.708413E+1
1.768446E+1
1.820691E+1
1.846651E+1
1.818095E+1
1.719446E+1
1.662333E+1
1.675638E+1
1.707115E+1
1.719446E+1
1.721068E+1
1.696406E+1
1.639942E+1
1.566605E+1
1.539995E+1
1.531234E+1
1.512088E+1
1.463737E+1
1.416684E+1
1.376121E+1
1.336532E+1
1.352757E+1
1.410843E+1
1.455624E+1
1.450757E+1
1.400783E+1
1.317711E+1
1.249889E+1
1.242750E+1
1.268386E+1
1.292399E+1
1.291426E+1
1.273254E+1
1.256379E+1
1.235287E+1
1.243724E+1
1.286234E+1
1.339777E+1
1.403055E+1
1.422850E+1
1.422525E+1
1.406300E+1
1.405326E+1
1.418307E+1
1.422525E+1
1.407922E+1
1.334260E+1
1.239830E+1
1.164870E+1
1.132419E+1
1.134366E+1
1.133717E+1
1.129823E+1
1.106135E+1
1.069141E+1
1.049347E+1
1.054214E+1
1.086989E+1
1.144750E+1
1.185962E+1
1.174605E+1
1.138909E+1
1.133393E+1
1.157406E+1
1.179148E+1
1.160002E+1
1.116843E+1
1.063625E+1
1.002943E+1
9.691943E+0
9.698433E+0
9.909360E+0
1.021115E+1
1.050320E+1
1.052592E+1
1.022088E+1
1.000347E+1
1.026631E+1
1.087638E+1
1.142154E+1
1.165519E+1
1.184664E+1
1.220684E+1
1.239181E+1
1.256379E+1
1.280068E+1
1.298240E+1
1.281366E+1
1.259300E+1
1.255081E+1
1.261571E+1
1.277797E+1
1.307326E+1
1.354055E+1
1.402406E+1
1.437777E+1
1.448161E+1
1.439724E+1
1.435830E+1
1.441346E+1
1.449134E+1
1.449783E+1
1.442320E+1
1.434532E+1
1.454651E+1
1.478015E+1
1.498783E+1
1.521174E+1
1.527340E+1
1.519552E+1
1.510141E+1
1.500406E+1
1.509816E+1
1.523121E+1
1.521499E+1
1.520850E+1
1.525393E+1
1.532532E+1
1.522797E+1
1.518578E+1
1.548108E+1
1.601326E+1
1.634750E+1
1.621770E+1
1.585750E+1
1.534479E+1
1.493916E+1
1.477042E+1
1.478340E+1
1.509816E+1
1.540320E+1
1.536750E+1
1.544863E+1
1.557519E+1
1.549730E+1
1.529287E+1
1.508843E+1
1.468280E+1
1.443942E+1
1.423823E+1
1.380015E+1
1.356002E+1
1.374174E+1
1.421876E+1
1.452704E+1
1.450432E+1
1.444267E+1
1.425770E+1
1.400459E+1
1.369631E+1
1.327446E+1
1.290128E+1
1.268711E+1
1.249889E+1
1.251187E+1
1.284936E+1
1.299214E+1
1.295320E+1
1.283638E+1
1.276823E+1
1.278770E+1
1.313816E+1
1.349836E+1
1.362167E+1
1.332962E+1
1.284936E+1
1.241777E+1
1.213870E+1
1.177525E+1
1.150916E+1
1.119439E+1
1.099969E+1
1.080174E+1
1.050645E+1
9.841215E+0
9.224659E+0
8.832011E+0
8.809296E+0
8.994263E+0
9.130554E+0
9.120819E+0
9.020223E+0
8.653535E+0
8.283602E+0
8.238171E+0
8.578899E+0
8.991017E+0
9.214924E+0
9.198699E+0
9.185719E+0
9.312275E+0
9.620553E+0
9.983996E+0
1.021115E+1
1.005539E+1
9.795784E+0
9.526447E+0
9.653003E+0
9.834725E+0
9.977506E+0
9.954791E+0
1.000022E+1
9.847705E+0
9.367441E+0
9.016978E+0
9.163004E+0
9.542672E+0
9.867175E+0
1.008459E+1
1.029227E+1
1.062651E+1
1.087313E+1
1.109380E+1
1.119115E+1
1.110029E+1
1.108406E+1
1.114896E+1
1.129499E+1
1.159353E+1
1.209326E+1
1.267088E+1
1.295320E+1
1.284936E+1
1.239830E+1
1.215168E+1
1.252161E+1
1.301485E+1
1.354055E+1
1.416360E+1
1.443293E+1
1.427393E+1
1.402406E+1
1.371578E+1
1.358273E+1
1.339452E+1
1.306677E+1
1.266115E+1
1.217764E+1
1.177850E+1
1.184340E+1
1.226850E+1
1.258651E+1
1.319658E+1
1.368658E+1
1.368658E+1
1.354055E+1
1.355028E+1
1.368982E+1
1.387803E+1
1.394942E+1
1.383909E+1
1.357300E+1
1.343346E+1
1.335234E+1
1.310571E+1
1.305379E+1
1.322254E+1
1.335883E+1
1.363465E+1
1.373850E+1
1.372227E+1
1.381962E+1
1.381962E+1
1.378393E+1
1.389750E+1
1.421227E+1
1.438750E+1
1.452055E+1
1.465035E+1
1.500081E+1
1.532207E+1
1.524419E+1
1.520201E+1
1.528962E+1
1.555896E+1
1.600028E+1
1.653247E+1
1.684724E+1
1.704519E+1
1.692188E+1
1.705168E+1
1.728207E+1
1.753194E+1
1.769095E+1
1.807711E+1
1.838214E+1
1.828479E+1
1.813876E+1
1.791486E+1
1.795704E+1
1.821016E+1
1.847625E+1
1.870340E+1
1.877479E+1
1.844055E+1
1.812903E+1
1.787267E+1
1.786618E+1
1.782075E+1
1.768770E+1
1.742161E+1
1.733075E+1
1.729181E+1
1.741837E+1
1.729181E+1
1.687969E+1
1.630856E+1
1.551028E+1
1.475419E+1
1.446538E+1
1.438426E+1
1.427068E+1
1.411167E+1
1.423499E+1
1.459194E+1
1.486777E+1
1.520525E+1
1.544214E+1
1.555247E+1
1.552651E+1
1.529287E+1
1.507220E+1
1.494565E+1
1.507220E+1
1.498783E+1
1.481909E+1
1.482883E+1
1.488075E+1
1.478340E+1
1.458545E+1
1.452055E+1
1.452055E+1
1.430638E+1
1.393969E+1
1.378717E+1
1.348863E+1
1.336532E+1
1.348863E+1
1.366062E+1
1.370929E+1
1.351459E+1
1.321280E+1
1.294346E+1
1.283313E+1
1.288181E+1
1.311869E+1
1.325174E+1
1.331989E+1
1.324850E+1
1.318035E+1
1.319009E+1
1.317386E+1
1.308949E+1
1.312194E+1
1.333936E+1
1.363141E+1
1.372876E+1
1.378393E+1
1.393320E+1
1.430962E+1
1.489048E+1
1.530260E+1
1.543240E+1
1.515982E+1
1.461465E+1
1.402081E+1
1.353730E+1
1.345293E+1
1.349187E+1
1.353406E+1
1.372876E+1
1.406300E+1
1.430638E+1
1.459518E+1
1.507220E+1
1.523121E+1
1.508194E+1
1.488724E+1
1.492942E+1
1.470876E+1
1.402081E+1
1.315439E+1
1.230419E+1
1.157406E+1
1.115221E+1
1.092181E+1
1.085042E+1
1.104837E+1
1.118141E+1
1.114896E+1
1.107433E+1
1.124631E+1
1.151889E+1
1.164545E+1
1.155459E+1
1.149293E+1
1.173307E+1
1.207379E+1
1.220360E+1
1.239830E+1
1.259624E+1
1.266439E+1
1.296293E+1
1.323552E+1
1.319009E+1
1.283962E+1
1.246320E+1
1.225227E+1
1.224903E+1
1.259624E+1
1.311220E+1
1.353730E+1
1.392346E+1
1.420903E+1
1.419605E+1
1.424797E+1
1.433883E+1
1.420903E+1
1.397538E+1
1.377095E+1
1.364439E+1
1.345293E+1
1.320307E+1
1.275525E+1
1.254108E+1
1.255730E+1
1.260273E+1
1.260598E+1
1.232691E+1
1.204134E+1
1.182068E+1
1.147346E+1
1.122035E+1
1.146697E+1
1.174280E+1
1.197644E+1
1.207704E+1
1.221982E+1
1.240154E+1
1.255081E+1
1.261896E+1
1.254108E+1
1.270982E+1
1.287856E+1
1.304406E+1
1.311545E+1
1.300187E+1
1.279419E+1
1.253459E+1
1.230095E+1
1.184015E+1
1.145724E+1
1.146373E+1
1.142154E+1
1.097373E+1
1.049671E+1
1.004890E+1
9.717904E+0
9.964526E+0
1.023386E+1
1.034419E+1
1.055188E+1
1.073684E+1
1.078227E+1
1.079850E+1
1.109380E+1
1.182393E+1
1.252485E+1
1.272929E+1
1.288181E+1
1.299538E+1
1.305055E+1
1.297916E+1
1.289154E+1
1.304730E+1
1.293697E+1
1.264817E+1
1.235936E+1
1.221009E+1
1.219062E+1
1.226201E+1
1.245346E+1
1.265466E+1
1.280393E+1
1.285260E+1
1.282989E+1
1.289479E+1
1.298240E+1
1.293373E+1
1.265141E+1
1.243399E+1
1.242426E+1
1.244373E+1
1.265141E+1
1.326797E+1
1.366386E+1
1.392995E+1
1.437777E+1
1.478989E+1
1.484181E+1
1.457571E+1
1.424148E+1
1.402730E+1
1.389101E+1
1.367684E+1
1.331015E+1
1.307002E+1
1.308949E+1
1.326797E+1
1.341724E+1
1.361518E+1
1.381313E+1
1.401108E+1
1.406300E+1
1.410518E+1
1.447836E+1
1.475744E+1
1.478989E+1
1.485154E+1
1.489048E+1
1.500406E+1
1.497485E+1
1.476717E+1
1.465684E+1
1.443942E+1
1.393320E+1
1.331664E+1
1.276823E+1
1.228148E+1
1.204459E+1
1.230744E+1
1.255406E+1
1.284611E+1
1.321605E+1
1.347889E+1
1.375472E+1
1.385532E+1
1.381313E+1
1.346591E+1
1.294671E+1
1.272929E+1
1.269684E+1
1.249240E+1
1.230419E+1
1.232691E+1
1.248916E+1
1.261247E+1
1.282015E+1
1.290452E+1
1.302459E+1
1.319658E+1
1.348863E+1
1.407922E+1
1.477366E+1
1.515009E+1
1.520850E+1
1.520850E+1
1.478015E+1
1.424472E+1
1.383260E+1
1.332962E+1
1.303757E+1
1.281366E+1
1.278121E+1
1.288181E+1
1.297591E+1
1.275850E+1
1.229770E+1
1.184015E+1
1.167790E+1
1.181744E+1
1.194399E+1
1.191479E+1
1.192777E+1
1.167141E+1
1.131770E+1
1.087638E+1
1.049022E+1
1.007486E+1
9.532937E+0
9.033203E+0
8.757376E+0
8.789826E+0
9.062408E+0
9.640023E+0
1.017870E+1
1.047400E+1
1.041234E+1
1.029552E+1
1.015274E+1
1.017221E+1
1.036691E+1
1.027929E+1
9.821744E+0
9.312275E+0
8.822276E+0
8.445853E+0
7.972079E+0
7.667047E+0
7.881219E+0
8.338767E+0
8.877442E+0
9.399891E+0
9.883400E+0
1.041883E+1
1.085366E+1
1.133068E+1
1.172982E+1
1.202512E+1
1.225227E+1
1.242101E+1
1.275201E+1
1.292075E+1
1.276823E+1
1.249240E+1
1.237234E+1
1.250863E+1
1.274552E+1
1.291750E+1
1.294346E+1
1.287532E+1
1.276174E+1
1.268711E+1
1.272929E+1
1.283962E+1
1.302783E+1
1.311220E+1
1.314141E+1
1.322254E+1
1.339128E+1
1.366386E+1
1.373525E+1
1.368658E+1
1.356002E+1
1.342048E+1
1.350485E+1
1.381962E+1
1.386505E+1
1.381962E+1
1.369631E+1
1.343995E+1
1.321280E+1
1.323227E+1
1.338803E+1
1.344320E+1
1.343671E+1
1.338154E+1
1.297916E+1
1.261896E+1
1.234962E+1
1.221009E+1
1.226201E+1
1.225552E+1
1.211598E+1
1.207704E+1
1.209651E+1
1.241777E+1
1.283313E+1
1.306028E+1
1.312518E+1
1.324525E+1
1.354379E+1
1.364763E+1
1.368009E+1
1.388452E+1
1.413439E+1
1.427068E+1
1.440697E+1
1.431936E+1
1.396240E+1
1.378717E+1
1.389750E+1
1.417658E+1
1.441022E+1
1.433883E+1
1.438426E+1
1.437128E+1
1.445240E+1
1.454975E+1
1.455300E+1
1.436803E+1
1.410843E+1
1.412141E+1
1.406624E+1
1.380989E+1
1.368009E+1
1.382611E+1
1.408247E+1
1.400783E+1
1.369307E+1
1.335558E+1
1.316737E+1
1.340426E+1
1.373525E+1
1.396240E+1
1.406949E+1
1.403379E+1
1.430638E+1
1.464062E+1
1.492618E+1
1.517280E+1
1.523770E+1
1.529287E+1
1.539671E+1
1.540969E+1
1.533830E+1
1.523446E+1
1.517605E+1
1.489048E+1
1.454326E+1
1.453028E+1
1.463737E+1
1.455949E+1
1.473472E+1
1.497161E+1
1.494240E+1
1.479962E+1
1.464062E+1
1.451081E+1
1.438426E+1
1.444916E+1
1.464062E+1
1.478015E+1
1.477691E+1
1.471850E+1
1.473148E+1
1.488075E+1
1.492618E+1
1.492942E+1
1.482883E+1
1.447512E+1
1.395916E+1
1.392022E+1
1.438750E+1
1.482558E+1
1.510466E+1
1.491969E+1
1.482234E+1
1.477366E+1
1.461465E+1
1.439399E+1
1.415711E+1
1.397214E+1
1.380340E+1
1.353081E+1
1.322254E+1
1.319658E+1
1.342048E+1
1.359896E+1
1.360220E+1
1.365737E+1
1.387803E+1
1.419605E+1
1.422201E+1
1.400783E+1
1.404677E+1
1.409545E+1
1.407273E+1
1.400134E+1
1.401757E+1
1.381962E+1
1.368982E+1
1.356651E+1
1.348863E+1
1.349187E+1
1.349512E+1
1.348863E+1
1.355353E+1
1.373850E+1
1.414737E+1
1.474770E+1
1.517605E+1
1.558168E+1
1.566280E+1
1.565631E+1
1.571797E+1
1.575691E+1
1.585426E+1
1.572446E+1
1.534803E+1
1.491969E+1
1.437452E+1
1.410518E+1
1.397214E+1
1.371578E+1
1.395916E+1
1.461790E+1
1.512737E+1
1.565631E+1
1.606519E+1
1.624691E+1
1.646757E+1
1.677585E+1
1.716201E+1
1.748327E+1
1.761307E+1
1.751572E+1
1.718148E+1
1.697704E+1
1.697704E+1
1.683750E+1
1.654221E+1
1.626962E+1
1.610088E+1
1.608790E+1
1.601326E+1
1.601002E+1
1.607817E+1
1.621121E+1
1.636373E+1
1.632154E+1
1.615605E+1
1.610737E+1
1.601976E+1
1.588995E+1
1.545187E+1
1.471850E+1
1.419280E+1
1.395591E+1
1.399161E+1
1.412141E+1
1.400783E+1
1.364439E+1
1.335234E+1
1.311869E+1
1.305379E+1
1.284936E+1
1.252161E+1
1.236585E+1
1.268386E+1
1.284611E+1
1.250214E+1
1.206730E+1
1.163572E+1
1.140532E+1
1.125605E+1
1.128850E+1
1.144426E+1
1.172333E+1
1.199591E+1
1.228797E+1
1.235611E+1
1.241452E+1
1.245995E+1
1.263843E+1
1.282664E+1
1.292724E+1
1.326797E+1
1.377419E+1
1.438101E+1
1.494565E+1
1.531558E+1
1.546161E+1
1.554273E+1
1.565956E+1
1.578611E+1
1.559790E+1
1.540644E+1
1.533181E+1
1.520850E+1
1.496512E+1
1.480611E+1
1.466658E+1
1.452055E+1
1.483856E+1
1.528962E+1
1.567903E+1
1.594512E+1
1.627936E+1
1.674664E+1
1.736969E+1
1.800247E+1
1.861903E+1
1.913499E+1
1.971910E+1
2.025129E+1
2.058553E+1
2.063420E+1
2.046870E+1
2.023506E+1
1.999168E+1
2.006956E+1
2.040380E+1
2.077049E+1
2.126049E+1
2.159798E+1
2.200685E+1
2.246441E+1
2.280514E+1
2.307123E+1
2.304202E+1
2.252606E+1
2.163043E+1
2.069910E+1
1.997221E+1
1.946599E+1
1.920638E+1
1.904089E+1
1.903764E+1
1.926155E+1
1.940758E+1
1.950168E+1
1.969963E+1
2.002738E+1
2.025778E+1
2.038758E+1
2.013446E+1
2.004360E+1
2.003062E+1
1.993652E+1
1.981321E+1
1.984566E+1
1.990731E+1
2.012473E+1
2.059526E+1
2.109500E+1
2.134811E+1
2.136109E+1
2.131566E+1
2.095546E+1
2.034864E+1
1.999168E+1
1.960552E+1
1.935890E+1
1.916420E+1
1.886890E+1
1.876506E+1
1.878777E+1
1.886890E+1
1.877804E+1
1.854439E+1
1.847625E+1
1.867744E+1
1.905711E+1
1.956009E+1
1.980996E+1
1.984890E+1
1.976128E+1
1.962824E+1
1.929400E+1
1.894678E+1
1.890784E+1
1.880400E+1
1.836267E+1
1.809658E+1
1.797651E+1
1.803817E+1
1.816148E+1
1.832698E+1
1.845678E+1
1.864175E+1
1.876181E+1
1.867095E+1
1.825234E+1
1.781426E+1
1.751896E+1
1.753194E+1
1.781751E+1
1.787267E+1
1.774611E+1
1.750274E+1
1.725287E+1
1.690890E+1
1.685697E+1
1.691539E+1
1.651949E+1
1.612684E+1
1.598406E+1
1.609764E+1
1.627287E+1
1.641240E+1
1.608466E+1
1.573095E+1
1.542916E+1
1.516631E+1
1.474770E+1
1.439399E+1
1.426744E+1
1.436803E+1
1.446538E+1
1.438101E+1
1.441671E+1
1.471525E+1
1.503326E+1
1.520201E+1
1.497485E+1
1.470227E+1
1.450757E+1
1.466982E+1
1.512737E+1
1.533830E+1
1.532532E+1
1.532856E+1
1.528638E+1
1.494240E+1
1.440373E+1
1.401757E+1
1.384558E+1
1.366386E+1
1.336532E+1
1.315764E+1
1.294995E+1
1.291750E+1
1.308300E+1
1.333936E+1
1.363790E+1
1.387479E+1
1.409869E+1
1.423499E+1
1.433558E+1
1.454002E+1
1.485803E+1
1.499757E+1
1.484181E+1
1.464062E+1
1.448161E+1
1.441022E+1
1.450757E+1
1.468280E+1
1.477691E+1
1.460816E+1
1.418631E+1
1.383260E+1
1.365737E+1
1.373525E+1
1.395267E+1
1.399810E+1
1.386181E+1
1.380340E+1
1.380015E+1
1.379366E+1
1.376770E+1
1.377419E+1
1.363465E+1
1.330366E+1
1.300187E+1
1.293373E+1
1.298240E+1
1.307002E+1
1.315439E+1
1.319333E+1
1.293697E+1
1.257028E+1
1.215492E+1
1.190830E+1
1.199591E+1
1.236260E+1
1.256704E+1
1.251512E+1
1.222956E+1
1.209651E+1
1.223280E+1
1.275201E+1
1.339777E+1
1.391373E+1
1.421552E+1
1.420254E+1
1.427068E+1
1.444916E+1
1.434856E+1
1.427393E+1
1.405975E+1
1.395267E+1
1.398836E+1
1.414412E+1
1.440048E+1
1.459194E+1
1.464386E+1
1.466009E+1
1.447187E+1
1.414088E+1
1.383260E+1
1.365737E+1
1.353406E+1
1.332313E+1
1.291750E+1
1.269684E+1
1.250538E+1
1.235287E+1
1.230744E+1
1.244697E+1
1.261896E+1
1.262220E+1
1.269360E+1
1.276174E+1
1.279419E+1
1.295320E+1
1.331340E+1
1.357300E+1
1.376121E+1
1.396240E+1
1.386830E+1
1.383585E+1
1.392995E+1
1.423174E+1
1.445565E+1
1.435830E+1
1.413763E+1
1.388452E+1
1.354379E+1
1.313492E+1
1.262869E+1
1.223605E+1
1.207704E+1
1.187909E+1
1.160327E+1
1.179148E+1
1.172658E+1
1.164545E+1
1.175578E+1
1.169413E+1
1.137287E+1
1.108082E+1
1.092505E+1
1.079525E+1
1.071737E+1
1.076929E+1
1.090883E+1
1.104837E+1
1.106459E+1
1.123333E+1
1.177201E+1
1.243399E+1
1.290777E+1
1.295320E+1
1.291750E+1
1.280393E+1
1.263518E+1
1.262220E+1
1.272605E+1
1.277148E+1
1.284611E+1
1.282664E+1
1.271631E+1
1.240479E+1
1.233015E+1
1.255730E+1
1.284611E+1
1.303432E+1
1.304730E+1
1.276823E+1
1.236909E+1
1.228472E+1
1.258326E+1
1.280068E+1
1.270009E+1
1.232691E+1
1.183042E+1
1.156432E+1
1.173307E+1
1.199591E+1
1.248916E+1
1.276174E+1
1.280068E+1
1.274227E+1
1.256055E+1
1.240154E+1
1.243724E+1
1.246644E+1
1.266764E+1
1.323552E+1
1.378068E+1
1.433558E+1
1.481909E+1
1.521823E+1
1.549081E+1
1.574717E+1
1.605221E+1
1.620148E+1
1.614631E+1
1.619174E+1
1.624366E+1
1.640267E+1
1.656168E+1
1.661684E+1
1.660386E+1
1.667201E+1
1.678558E+1
1.703870E+1
1.720744E+1
1.733075E+1
1.721393E+1
1.706466E+1
1.704194E+1
1.696082E+1
1.698678E+1
1.703545E+1
1.668174E+1
1.626638E+1
1.596459E+1
1.579909E+1
1.553949E+1
1.518903E+1
1.505273E+1
1.524419E+1
1.544863E+1
1.555571E+1
1.545512E+1
1.496187E+1
1.444267E+1
1.404677E+1
1.367684E+1
1.318684E+1
1.270333E+1
1.261571E+1
1.285585E+1
1.324201E+1
1.368009E+1
1.400783E+1
1.424472E+1
1.403055E+1
1.359896E+1
1.353406E+1
1.391697E+1
1.435830E+1
1.450108E+1
1.422201E+1
1.375148E+1
1.330042E+1
1.312518E+1
1.315115E+1
1.363790E+1
1.393320E+1
1.367035E+1
1.320956E+1
1.267737E+1
1.272605E+1
1.344320E+1
1.405002E+1
1.419929E+1
1.383260E+1
1.314790E+1
1.256704E+1
1.254432E+1
1.312518E+1
1.392022E+1
1.466009E+1
1.457247E+1
1.369956E+1
1.328744E+1
1.355028E+1
1.438101E+1
1.541942E+1
1.600353E+1
1.580558E+1
1.512413E+1
1.465684E+1
1.465035E+1
1.503975E+1
1.544538E+1
1.538048E+1
1.470876E+1
1.380989E+1
1.310896E+1
1.313167E+1
1.373850E+1
1.466658E+1
1.539671E+1
1.566929E+1
1.535128E+1
1.509167E+1
1.534154E+1
1.584452E+1
1.638320E+1
1.654545E+1
1.597757E+1
1.511764E+1
1.457247E+1
1.469903E+1
1.552975E+1
1.664280E+1
1.744108E+1
1.762929E+1
1.720419E+1
1.626962E+1
1.574717E+1
1.589644E+1
1.623393E+1
1.634101E+1
1.615605E+1
1.580558E+1
1.546161E+1
1.548432E+1
1.597757E+1
1.672717E+1
1.714578E+1
1.701598E+1
1.660062E+1
1.606843E+1
1.581532E+1
1.592565E+1
1.635075E+1
1.650327E+1
1.587048E+1
1.457571E+1
1.318684E+1
1.237234E+1
1.206406E+1
1.197644E+1
1.205757E+1
1.230744E+1
1.246969E+1
1.253459E+1
1.266115E+1
1.286558E+1
1.303108E+1
1.306677E+1
1.270009E+1
1.179472E+1
1.074982E+1
1.017221E+1
1.015274E+1
1.061678E+1
1.104188E+1
1.121386E+1
1.113598E+1
1.087962E+1
1.110353E+1
1.173631E+1
1.250214E+1
1.292399E+1
1.255406E+1
1.165843E+1
1.076605E+1
1.026956E+1
1.042207E+1
1.092505E+1
1.139883E+1
1.145399E+1
1.099320E+1
1.026307E+1
9.714659E+0
9.429096E+0
9.588102E+0
9.971016E+0
1.010082E+1
9.964526E+0
9.714659E+0
9.640023E+0
9.743864E+0
1.000347E+1
1.058433E+1
1.086664E+1
1.072711E+1
1.043181E+1
1.040909E+1
1.074982E+1
1.121386E+1
1.177525E+1
1.204783E+1
1.176227E+1
1.150267E+1
1.134691E+1
1.120413E+1
1.103863E+1
1.108406E+1
1.121711E+1
1.130472E+1
1.139558E+1
1.143452E+1
1.160651E+1
1.177850E+1
1.172333E+1
1.139558E+1
1.086015E+1
1.040909E+1
1.042532E+1
1.076280E+1
1.114896E+1
1.125605E+1
1.138260E+1
1.166168E+1
1.187585E+1
1.206730E+1
1.231393E+1
1.245671E+1
1.257353E+1
1.272605E+1
1.264492E+1
1.234313E+1
1.239830E+1
1.274552E+1
1.321280E+1
1.363790E+1
1.386505E+1
1.373525E+1
1.356651E+1
1.353081E+1
1.385856E+1
1.430638E+1
1.466333E+1
1.487101E+1
1.503975E+1
1.512088E+1
1.492942E+1
1.479962E+1
1.469903E+1
1.466982E+1
1.458545E+1
1.430962E+1
1.415711E+1
1.400134E+1
1.393969E+1
1.409545E+1
1.433883E+1
1.451406E+1
1.429340E+1
1.403055E+1
1.397214E+1
1.399810E+1
1.414088E+1
1.438426E+1
1.462764E+1
1.500730E+1
1.556545E+1
1.599055E+1
1.614307E+1
1.611386E+1
1.610737E+1
1.626313E+1
1.613658E+1
1.572446E+1
1.536426E+1
1.540320E+1
1.569850E+1
1.607817E+1
1.648704E+1
1.685048E+1
1.693486E+1
1.699651E+1
1.696731E+1
1.686346E+1
1.669472E+1
1.656168E+1
1.624042E+1
1.594836E+1
1.571797E+1
1.568227E+1
1.576340E+1
1.590293E+1
1.593538E+1
1.586724E+1
1.576989E+1
1.586399E+1
1.592565E+1
1.593863E+1
1.593863E+1
1.616578E+1
1.631181E+1
1.629883E+1
1.642538E+1
1.653247E+1
1.658764E+1
1.679207E+1
1.726909E+1
1.768770E+1
1.772989E+1
1.760009E+1
1.746055E+1
1.761956E+1
1.783698E+1
1.818420E+1
1.857684E+1
1.874234E+1
1.873910E+1
1.893704E+1
1.903115E+1
1.903764E+1
1.911552E+1
1.930698E+1
1.938810E+1
1.922585E+1
1.907009E+1
1.919989E+1
1.939135E+1
1.941407E+1
1.946274E+1
1.943029E+1
1.930049E+1
1.916095E+1
1.901168E+1
1.887539E+1
1.864824E+1
1.856386E+1
1.880400E+1
1.915446E+1
1.952764E+1
2.008254E+1
2.063745E+1
2.074129E+1
2.048493E+1
2.041354E+1
2.040056E+1
2.051738E+1
2.074129E+1
2.067639E+1
2.019612E+1
1.966069E+1
1.918367E+1
1.878128E+1
1.865797E+1
1.877804E+1
1.879426E+1
1.889161E+1
1.901493E+1
1.912526E+1
1.906360E+1
1.894353E+1
1.886565E+1
1.866122E+1
1.836267E+1
1.799274E+1
1.746704E+1
1.693486E+1
1.662333E+1
1.635724E+1
1.582830E+1
1.561737E+1
1.583803E+1
1.603598E+1
1.630856E+1
1.639942E+1
1.634101E+1
1.642863E+1
1.663956E+1
1.691214E+1
1.703221E+1
1.735022E+1
1.787267E+1
1.794731E+1
1.739565E+1
1.670770E+1
1.613009E+1
1.594512E+1
1.598081E+1
1.625340E+1
1.675962E+1
1.707764E+1
1.714903E+1
1.743459E+1
1.796678E+1
1.854115E+1
1.912201E+1
1.943678E+1
1.934916E+1
1.918367E+1
1.910903E+1
1.902466E+1
1.887539E+1
1.880075E+1
1.896300E+1
1.907658E+1
1.917718E+1
1.931347E+1
1.941082E+1
1.945301E+1
1.914797E+1
1.864175E+1
1.818744E+1
1.793433E+1
1.764227E+1
1.723989E+1
1.697704E+1
1.673366E+1
1.630532E+1
1.580883E+1
1.549730E+1
1.550704E+1
1.568227E+1
1.593863E+1
1.614307E+1
1.608466E+1
1.606519E+1
1.590618E+1
1.567254E+1
1.555247E+1
1.547459E+1
1.544863E+1
1.562062E+1
1.601326E+1
1.630207E+1
1.677585E+1
1.750274E+1
1.819393E+1
1.857684E+1
1.881049E+1
1.890459E+1
1.885267E+1
1.880400E+1
1.886241E+1
1.895651E+1
1.906036E+1
1.896300E+1
1.865148E+1
1.835618E+1
1.808684E+1
1.797976E+1
1.799598E+1
1.779155E+1
1.731452E+1
1.688942E+1
1.655519E+1
1.646432E+1
1.625015E+1
1.578611E+1
1.518578E+1
1.472823E+1
1.424797E+1
1.378717E+1
1.349512E+1
1.340101E+1
1.320307E+1
1.271307E+1
1.189856E+1
1.116194E+1
1.086989E+1
1.098022E+1
1.143128E+1
1.198293E+1
1.234962E+1
1.269035E+1
1.307975E+1
1.340750E+1
1.362492E+1
1.379042E+1
1.379042E+1
1.388777E+1
1.390075E+1
1.376121E+1
1.356651E+1
1.347240E+1
1.320307E+1
1.278446E+1
1.240803E+1
1.215817E+1
1.199267E+1
1.198293E+1
1.209002E+1
1.210624E+1
1.244697E+1
1.299214E+1
1.356002E+1
1.404028E+1
1.452379E+1
1.511764E+1
1.567254E+1
1.621446E+1
1.673042E+1
1.718797E+1
1.766499E+1
1.805764E+1
1.826532E+1
1.841459E+1
1.859632E+1
1.891757E+1
1.922910E+1
1.937188E+1
1.968016E+1
2.015069E+1
2.075427E+1
2.113394E+1
2.139030E+1
2.147791E+1
2.128645E+1
2.071208E+1
2.017665E+1
1.977426E+1
1.934916E+1
1.926155E+1
1.954387E+1
1.977102E+1
1.978725E+1
1.980347E+1
1.980672E+1
1.963148E+1
1.945950E+1
1.936539E+1
1.925506E+1
1.907334E+1
1.903115E+1
1.897923E+1
1.885916E+1
1.879426E+1
1.881373E+1
1.894029E+1
1.914797E+1
1.908307E+1
1.884943E+1
1.861903E+1
1.820691E+1
1.780453E+1
1.754492E+1
1.748002E+1
1.729830E+1
1.722366E+1
1.719770E+1
1.703221E+1
1.706790E+1
1.723989E+1
1.731128E+1
1.735671E+1
1.735671E+1
1.736969E+1
1.758062E+1
1.779155E+1
1.769095E+1
1.758386E+1
1.762280E+1
1.772015E+1
1.734698E+1
1.682452E+1
1.659737E+1
1.664929E+1
1.663956E+1
1.667525E+1
1.672068E+1
1.681154E+1
1.701923E+1
1.719121E+1
1.713605E+1
1.724638E+1
1.751896E+1
1.786943E+1
1.814525E+1
1.816148E+1
1.805115E+1
1.794731E+1
1.769095E+1
1.752870E+1
1.727234E+1
1.685373E+1
1.632479E+1
1.595485E+1
1.576989E+1
1.567903E+1
1.574393E+1
1.591267E+1
1.642863E+1
1.681154E+1
1.692188E+1
1.699327E+1
1.711658E+1
1.742161E+1
1.751896E+1
1.752221E+1
1.762280E+1
1.755466E+1
1.738267E+1
1.730803E+1
1.723664E+1
1.710360E+1
1.698029E+1
1.697380E+1
1.712631E+1
1.731777E+1
1.748976E+1
1.748976E+1
1.754168E+1
1.770717E+1
1.805115E+1
1.840810E+1
1.863526E+1
1.852817E+1
1.815823E+1
1.778506E+1
1.748651E+1
1.732101E+1
1.715552E+1
1.693810E+1
1.672717E+1
1.671419E+1
1.677260E+1
1.685697E+1
1.708413E+1
1.732101E+1
1.744757E+1
1.779155E+1
1.806737E+1
1.818744E+1
1.829453E+1
1.817771E+1
1.817446E+1
1.815499E+1
1.810956E+1
1.821989E+1
1.848274E+1
1.860281E+1
1.851843E+1
1.817121E+1
1.789539E+1
1.768770E+1
1.766823E+1
1.777532E+1
1.785645E+1
1.772340E+1
1.738592E+1
1.729505E+1
1.752221E+1
1.766174E+1
1.777208E+1
1.764876E+1
1.740863E+1
1.740863E+1
1.739241E+1
1.694784E+1
1.604896E+1
1.466982E+1
1.332638E+1
1.261247E+1
1.275201E+1
1.350810E+1
1.457247E+1
1.524419E+1
1.534479E+1
1.525393E+1
1.510141E+1
1.521499E+1
1.555896E+1
1.621446E+1
1.674340E+1
1.678558E+1
1.617552E+1
1.569850E+1
1.588995E+1
1.674664E+1
1.795380E+1
1.860281E+1
1.818420E+1
1.723989E+1
1.662009E+1
1.672068E+1
1.750274E+1
1.865473E+1
1.933618E+1
1.907334E+1
1.796029E+1
1.675313E+1
1.613009E+1
1.635075E+1
1.718148E+1
1.810956E+1
1.818095E+1
1.701923E+1
1.549406E+1
1.456598E+1
1.463737E+1
1.571148E+1
1.685697E+1
1.725611E+1
1.672068E+1
1.545512E+1
1.408571E+1
1.348538E+1
1.374499E+1
1.441671E+1
1.493591E+1
1.491969E+1
1.437777E+1
1.370280E+1
1.374174E+1
1.474121E+1
1.589320E+1
1.648704E+1
1.628909E+1
1.574717E+1
1.503326E+1
1.459843E+1
1.451081E+1
1.464386E+1
1.511764E+1
1.543889E+1
1.532532E+1
1.485154E+1
1.467631E+1
1.473472E+1
1.505598E+1
1.542591E+1
1.568552E+1
1.561737E+1
1.548108E+1
1.527989E+1
1.519876E+1
1.540969E+1
1.557194E+1
1.553949E+1
1.533181E+1
1.524744E+1
1.542591E+1
1.588671E+1
1.637671E+1
1.668499E+1
1.683750E+1
1.650002E+1
1.605870E+1
1.571472E+1
1.543240E+1
1.506571E+1
1.466982E+1
1.406300E+1
1.365737E+1
1.353406E+1
1.368658E+1
1.416035E+1
1.487426E+1
1.538697E+1
1.562711E+1
1.555896E+1
1.535128E+1
1.510466E+1
1.504300E+1
1.502677E+1
1.486452E+1
1.459194E+1
1.438426E+1
1.398187E+1
1.361518E+1
1.343346E+1
1.356326E+1
1.379691E+1
1.387479E+1
1.369956E+1
1.361843E+1
1.396240E+1
1.437128E+1
1.475744E+1
1.496836E+1
1.492618E+1
1.457571E+1
1.394618E+1
1.364763E+1
1.368333E+1
1.397538E+1
1.401108E+1
1.337181E+1
1.245346E+1
1.170711E+1
1.124631E+1
1.111327E+1
1.119115E+1
1.138585E+1
1.146373E+1
1.115545E+1
1.092505E+1
1.099969E+1
1.141181E+1
1.191154E+1
1.216141E+1
1.213221E+1
1.179797E+1
1.127227E+1
1.084717E+1
1.085042E+1
1.127227E+1
1.172333E+1
1.190505E+1
1.195697E+1
1.185638E+1
1.175903E+1
1.174929E+1
1.186611E+1
1.231717E+1
1.287207E+1
1.331664E+1
1.374823E+1
1.403704E+1
1.437777E+1
1.505922E+1
1.559141E+1
1.568227E+1
1.551028E+1
1.538048E+1
1.553300E+1
1.565956E+1
1.614956E+1
1.657141E+1
1.674664E+1
1.669148E+1
1.661684E+1
1.685697E+1
1.706790E+1
1.716525E+1
1.733399E+1
1.746704E+1
1.758386E+1
1.790512E+1
1.797002E+1
1.783698E+1
1.779155E+1
1.775260E+1
1.755790E+1
1.748002E+1
1.712631E+1
1.673366E+1
1.658439E+1
1.644485E+1
1.610737E+1
1.576664E+1
1.554273E+1
1.514684E+1
1.478664E+1
1.454651E+1
1.454326E+1
1.459518E+1
1.462114E+1
1.495863E+1
1.544538E+1
1.576989E+1
1.609764E+1
1.654545E+1
1.650976E+1
1.623068E+1
1.611711E+1
1.598730E+1
1.566280E+1
1.518903E+1
1.488399E+1
1.470227E+1
1.453028E+1
1.449459E+1
1.450757E+1
1.455300E+1
1.459518E+1
1.470227E+1
1.484505E+1
1.478340E+1
1.462439E+1
1.460816E+1
1.458545E+1
1.454651E+1
1.472174E+1
1.488399E+1
1.503002E+1
1.497161E+1
1.506896E+1
1.532856E+1
1.543565E+1
1.541293E+1
1.541942E+1
1.554922E+1
1.576989E+1
1.580558E+1
1.565631E+1
1.526366E+1
1.511764E+1
1.512737E+1
1.500406E+1
1.475744E+1
1.445240E+1
1.427393E+1
1.419280E+1
1.416684E+1
1.408247E+1
1.412141E+1
1.422850E+1
1.434532E+1
1.448161E+1
1.451406E+1
1.475095E+1
1.530909E+1
1.563035E+1
1.569850E+1
1.552651E+1
1.518578E+1
1.479313E+1
1.452704E+1
1.441022E+1
1.432585E+1
1.416360E+1
1.427393E+1
1.427717E+1
1.410843E+1
1.405002E+1
1.376121E+1
1.343346E+1
1.348214E+1
1.363465E+1
1.371578E+1
1.385207E+1
1.411167E+1
1.425446E+1
1.426095E+1
1.434207E+1
1.463088E+1
1.493916E+1
1.526042E+1
1.561413E+1
1.567578E+1
1.561088E+1
1.529936E+1
1.499757E+1
1.510466E+1
1.503651E+1
1.459194E+1
1.428042E+1
1.445565E+1
1.483856E+1
1.519876E+1
1.549730E+1
1.542916E+1
1.539995E+1
1.553949E+1
1.564333E+1
1.566280E+1
1.568227E+1
1.558168E+1
1.548108E+1
1.529936E+1
1.488724E+1
1.447512E+1
1.408896E+1
1.365413E+1
1.356975E+1
1.364439E+1
1.359571E+1
1.337830E+1
1.308624E+1
1.280717E+1
1.258651E+1
1.243075E+1
1.247293E+1
1.267737E+1
1.298240E+1
1.293697E+1
1.282664E+1
1.299538E+1
1.324525E+1
1.323227E+1
1.294995E+1
1.274876E+1
1.239505E+1
1.206406E+1
1.184015E+1
1.191154E+1
1.226525E+1
1.251836E+1
1.273578E+1
1.302783E+1
1.302459E+1
1.308949E+1
1.330042E+1
1.341724E+1
1.329393E+1
1.298240E+1
1.262220E+1
1.259624E+1
1.299538E+1
1.325499E+1
1.327121E+1
1.320307E+1
1.319658E+1
1.323876E+1
1.347565E+1
1.368009E+1
1.374499E+1
1.374823E+1
1.394293E+1
1.404677E+1
1.389101E+1
1.382611E+1
1.401432E+1
1.442320E+1
1.494240E+1
1.561088E+1
1.637995E+1
1.679532E+1
1.711333E+1
1.719446E+1
1.712956E+1
1.699976E+1
1.715552E+1
1.719446E+1
1.721717E+1
1.728856E+1
1.735671E+1
1.740539E+1
1.735022E+1
1.731777E+1
1.742810E+1
1.762929E+1
1.777857E+1
1.783049E+1
1.790512E+1
1.796029E+1
1.775585E+1
1.740863E+1
1.697380E+1
1.650327E+1
1.591267E+1
1.533505E+1
1.473797E+1
1.403704E+1
1.348538E+1
1.300836E+1
1.251836E+1
1.244373E+1
1.254108E+1
1.272929E+1
1.293048E+1
1.307975E+1
1.304406E+1
1.301161E+1
1.323552E+1
1.380664E+1
1.420254E+1
1.429015E+1
1.432909E+1
1.418631E+1
1.400783E+1
1.366711E+1
1.332313E+1
1.299214E+1
1.274876E+1
1.254432E+1
1.246320E+1
1.235611E+1
1.204134E+1
1.167141E+1
1.161300E+1
1.185962E+1
1.181744E+1
1.160976E+1
1.152863E+1
1.174280E+1
1.190505E+1
1.182068E+1
1.172658E+1
1.169088E+1
1.192128E+1
1.208028E+1
1.253783E+1
1.291750E+1
1.328095E+1
1.319658E+1
1.270982E+1
1.237234E+1
1.232691E+1
1.252810E+1
1.281366E+1
1.323876E+1
1.362816E+1
1.384558E+1
1.385207E+1
1.368658E+1
1.366386E+1
1.379691E+1
1.390724E+1
1.384234E+1
1.363790E+1
1.355677E+1
1.366711E+1
1.392671E+1
1.397538E+1
1.402730E+1
1.418956E+1
1.426095E+1
1.407273E+1
1.368982E+1
1.339777E+1
1.324850E+1
1.299863E+1
1.297267E+1
1.322578E+1
1.356326E+1
1.382611E+1
1.391048E+1
1.397538E+1
1.406300E+1
1.443618E+1
1.497810E+1
1.530585E+1
1.558817E+1
1.577638E+1
1.603274E+1
1.648380E+1
1.694135E+1
1.740863E+1
1.731128E+1
1.697704E+1
1.685048E+1
1.696731E+1
1.718797E+1
1.739565E+1
1.750598E+1
1.758711E+1
1.762280E+1
1.782400E+1
1.837565E+1
1.907658E+1
1.962824E+1
1.983917E+1
2.004360E+1
1.996572E+1
1.986188E+1
1.938486E+1
1.858983E+1
1.777857E+1
1.707115E+1
1.666552E+1
1.655194E+1
1.633128E+1
1.597108E+1
1.560115E+1
1.545512E+1
1.592565E+1
1.679856E+1
1.737943E+1
1.777857E+1
1.802843E+1
1.822314E+1
1.784671E+1
1.717174E+1
1.677260E+1
1.643187E+1
1.625015E+1
1.621446E+1
1.620797E+1
1.622095E+1
1.632479E+1
1.644485E+1
1.648055E+1
1.669472E+1
1.734373E+1
1.823936E+1
1.892406E+1
1.937188E+1
1.965744E+1
2.005658E+1
2.059526E+1
2.120533E+1
2.179593E+1
2.222752E+1
2.247739E+1
2.249037E+1
2.215288E+1
2.170182E+1
2.132864E+1
2.103010E+1
2.081917E+1
2.068937E+1
2.069910E+1
2.071208E+1
2.079645E+1
2.072506E+1
2.065043E+1
2.065367E+1
2.046870E+1
2.044599E+1
2.059526E+1
2.078023E+1
2.102361E+1
2.105606E+1
2.105281E+1
2.118261E+1
2.109175E+1
2.111447E+1
2.123453E+1
2.134811E+1
2.151685E+1
2.169209E+1
2.187056E+1
2.219831E+1
2.253904E+1
2.281812E+1
2.302904E+1
2.318156E+1
2.339898E+1
2.366507E+1
2.407719E+1
2.449581E+1
2.453799E+1
2.458991E+1
2.475217E+1
2.498256E+1
2.507667E+1
2.487223E+1
2.475866E+1
2.466455E+1
2.480733E+1
2.507992E+1
2.516753E+1
2.513508E+1
2.509290E+1
2.511237E+1
2.527786E+1
2.555369E+1
2.583601E+1
2.598204E+1
2.612482E+1
2.615078E+1
2.586522E+1
2.547581E+1
2.543687E+1
2.541740E+1
2.534601E+1
2.525515E+1
2.507667E+1
2.491117E+1
2.489819E+1
2.486574E+1
2.465806E+1
2.449905E+1
2.428163E+1
2.390196E+1
2.382408E+1
2.374295E+1
2.327567E+1
2.261692E+1
2.195169E+1
2.157526E+1
2.142599E+1
2.140003E+1
2.146493E+1
2.131566E+1
2.135785E+1
2.117288E+1
2.070884E+1
1.997546E+1
1.916420E+1
1.853790E+1
1.830102E+1
1.818095E+1
1.821989E+1
1.828155E+1
1.818420E+1
1.795380E+1
1.819069E+1
1.857684E+1
1.904738E+1
1.944652E+1
1.957307E+1
1.947897E+1
1.952440E+1
1.938486E+1
1.934916E+1
1.930373E+1
1.905387E+1
1.864175E+1
1.857360E+1
1.839837E+1
1.821989E+1
1.802194E+1
1.779804E+1
1.749949E+1
1.727234E+1
1.711009E+1
1.691214E+1
1.674664E+1
1.667850E+1
1.662982E+1
1.665254E+1
1.678234E+1
1.718797E+1
1.760333E+1
1.794731E+1
1.816148E+1
1.846327E+1
1.882347E+1
1.888188E+1
1.861579E+1
1.825234E+1
1.786294E+1
1.742161E+1
1.674664E+1
1.599379E+1
1.550704E+1
1.513386E+1
1.486128E+1
1.465684E+1
1.458869E+1
1.487101E+1
1.524095E+1
1.551353E+1
1.564333E+1
1.581207E+1
1.599704E+1
1.601002E+1
1.612684E+1
1.622744E+1
1.610413E+1
1.567903E+1
1.524095E+1
1.498459E+1
1.495538E+1
1.521499E+1
1.552651E+1
1.569525E+1
1.576664E+1
1.590293E+1
1.595485E+1
1.588671E+1
1.571148E+1
1.554598E+1
1.520850E+1
1.434532E+1
1.353406E+1
1.339452E+1
1.345618E+1
1.363465E+1
1.389750E+1
1.424472E+1
1.465684E+1
1.490995E+1
1.483532E+1
1.482883E+1
1.469903E+1
1.454002E+1
1.445565E+1
1.408896E+1
1.365088E+1
1.313816E+1
1.296942E+1
1.307002E+1
1.311545E+1
1.307002E+1
1.324850E+1
1.323876E+1
1.327770E+1
1.343346E+1
1.351783E+1
1.368982E+1
1.395591E+1
1.392346E+1
1.385207E+1
1.392346E+1
1.384558E+1
1.374823E+1
1.376770E+1
1.392022E+1
1.412465E+1
1.441022E+1
1.476068E+1
1.495538E+1
1.520525E+1
1.535128E+1
1.549730E+1
1.571148E+1
1.570499E+1
1.547134E+1
1.540320E+1
1.525068E+1
1.503002E+1
1.512737E+1
1.537075E+1
1.546810E+1
1.537075E+1
1.531234E+1
1.510790E+1
1.475419E+1
1.435830E+1
1.372227E+1
1.300836E+1
1.245671E+1
1.213221E+1
1.184664E+1
1.182717E+1
1.187909E+1
1.178823E+1
1.157406E+1
1.167466E+1
1.200240E+1
1.232042E+1
1.270009E+1
1.288181E+1
1.284611E+1
1.289479E+1
1.292724E+1
1.298240E+1
1.295644E+1
1.301485E+1
1.303432E+1
1.308300E+1
1.319982E+1
1.331989E+1
1.347565E+1
1.356651E+1
1.365737E+1
1.383909E+1
1.392346E+1
1.404677E+1
1.433234E+1
1.473797E+1
1.519552E+1
1.554922E+1
1.596134E+1
1.656168E+1
1.688618E+1
1.675962E+1
1.662982E+1
1.661035E+1
1.648704E+1
1.642538E+1
1.613009E+1
1.572770E+1
1.551353E+1
1.561413E+1
1.593538E+1
1.577638E+1
1.523121E+1
1.470227E+1
1.447187E+1
1.450432E+1
1.444916E+1
1.426744E+1
1.409220E+1
1.410518E+1
1.409220E+1
1.397863E+1
1.370605E+1
1.349187E+1
1.356002E+1
1.361843E+1
1.354704E+1
1.328095E+1
1.313816E+1
1.304081E+1
1.306677E+1
1.300836E+1
1.303432E+1
1.323552E+1
1.331989E+1
1.331340E+1
1.356326E+1
1.400459E+1
1.434207E+1
1.475419E+1
1.508194E+1
1.516631E+1
1.502677E+1
1.495863E+1
1.508843E+1
1.520525E+1
1.540969E+1
1.575366E+1
1.613982E+1
1.633777E+1
1.626313E+1
1.612360E+1
1.603923E+1
1.608141E+1
1.625664E+1
1.622419E+1
1.610413E+1
1.631181E+1
1.668823E+1
1.678558E+1
1.685697E+1
1.710684E+1
1.762280E+1
1.823287E+1
1.856386E+1
1.876181E+1
1.883320E+1
1.904089E+1
1.923234E+1
1.898247E+1
1.863850E+1
1.858333E+1
1.880400E+1
1.891433E+1
1.912201E+1
1.922585E+1
1.927128E+1
1.931347E+1
1.939135E+1
1.967042E+1
1.983592E+1
1.992678E+1
2.006632E+1
2.035513E+1
2.072506E+1
2.075751E+1
2.046546E+1
2.002738E+1
1.971261E+1
1.954062E+1
1.919665E+1
1.878453E+1
1.839188E+1
1.799923E+1
1.764876E+1
1.745406E+1
1.741188E+1
1.753519E+1
1.751896E+1
1.736969E+1
1.725611E+1
1.720095E+1
1.705817E+1
1.710035E+1
1.744757E+1
1.752870E+1
1.719770E+1
1.690890E+1
1.665578E+1
1.629883E+1
1.607492E+1
1.585101E+1
1.598406E+1
1.609115E+1
1.638644E+1
1.683426E+1
1.705492E+1
1.701274E+1
1.693810E+1
1.694135E+1
1.708413E+1
1.705817E+1
1.712631E+1
1.753194E+1
1.803817E+1
1.845029E+1
1.879102E+1
1.912201E+1
1.933294E+1
1.967367E+1
1.980347E+1
1.969963E+1
1.943678E+1
1.925830E+1
1.925181E+1
1.950493E+1
1.970936E+1
1.974506E+1
1.994950E+1
2.028049E+1
2.056606E+1
2.052387E+1
2.033566E+1
2.032917E+1
2.008579E+1
1.969963E+1
1.948870E+1
1.938161E+1
1.931996E+1
1.936214E+1
1.950168E+1
1.956009E+1
1.959579E+1
1.970612E+1
1.977102E+1
1.970612E+1
1.961850E+1
1.955360E+1
1.973208E+1
1.990082E+1
1.994950E+1
1.997546E+1
2.019937E+1
2.045897E+1
2.076076E+1
2.117937E+1
2.151685E+1
2.158824E+1
2.149089E+1
2.159798E+1
2.193546E+1
2.227619E+1
2.256500E+1
2.282785E+1
2.294792E+1
2.293494E+1
2.281163E+1
2.243196E+1
2.193222E+1
2.186083E+1
2.196467E+1
2.189328E+1
2.163367E+1
2.132864E+1
2.095871E+1
2.065692E+1
2.072506E+1
2.095871E+1
2.109500E+1
2.117612E+1
2.124427E+1
2.126698E+1
2.125076E+1
2.097818E+1
2.072506E+1
2.090029E+1
2.123778E+1
2.151685E+1
2.162718E+1
2.154930E+1
2.148116E+1
2.143897E+1
2.122480E+1
2.107228E+1
2.139354E+1
2.163692E+1
2.138381E+1
2.108526E+1
2.091976E+1
2.100089E+1
2.115665E+1
2.148765E+1
2.189003E+1
2.214639E+1
2.234434E+1
2.273699E+1
2.282785E+1
2.275322E+1
2.263315E+1
2.271752E+1
2.288302E+1
2.310044E+1
2.312964E+1
2.314262E+1
2.315560E+1
2.307772E+1
2.298686E+1
2.289275E+1
2.261368E+1
2.232487E+1
2.220805E+1
2.218858E+1
2.218533E+1
2.201659E+1
2.140977E+1
2.088731E+1
2.065367E+1
2.058877E+1
2.062122E+1
2.081592E+1
2.085811E+1
2.066990E+1
2.035837E+1
2.018963E+1
2.013122E+1
2.023182E+1
2.029347E+1
2.025778E+1
2.011175E+1
1.984241E+1
1.957956E+1
1.940109E+1
1.936539E+1
1.920963E+1
1.872612E+1
1.844380E+1
1.830426E+1
1.809009E+1
1.799274E+1
1.770393E+1
1.746055E+1
1.730803E+1
1.729830E+1
1.755466E+1
1.798300E+1
1.825883E+1
1.840161E+1
1.839512E+1
1.820367E+1
1.797976E+1
1.779804E+1
1.760009E+1
1.729505E+1
1.686995E+1
1.664929E+1
1.669472E+1
1.681803E+1
1.707764E+1
1.743459E+1
1.784022E+1
1.801870E+1
1.809982E+1
1.828804E+1
1.844704E+1
1.829128E+1
1.772015E+1
1.740863E+1
1.715227E+1
1.705817E+1
1.707115E+1
1.703870E+1
1.689591E+1
1.696406E+1
1.683101E+1
1.660062E+1
1.637671E+1
1.623068E+1
1.606519E+1
1.620148E+1
1.651300E+1
1.704519E+1
1.748976E+1
1.771366E+1
1.798625E+1
1.844704E+1
1.903764E+1
1.945950E+1
1.951791E+1
1.947248E+1
1.921612E+1
1.901493E+1
1.884294E+1
1.887539E+1
1.887863E+1
1.864824E+1
1.848923E+1
1.835294E+1
1.840161E+1
1.867420E+1
1.900519E+1
1.925830E+1
1.951142E+1
1.983917E+1
2.003062E+1
1.998195E+1
1.965744E+1
1.924857E+1
1.906036E+1
1.902466E+1
1.954387E+1
2.015718E+1
2.054983E+1
2.081592E+1
2.083864E+1
2.084188E+1
2.082241E+1
2.080294E+1
2.066990E+1
2.062771E+1
2.081268E+1
2.103010E+1
2.093924E+1
2.076076E+1
2.054334E+1
1.977751E+1
1.899221E+1
1.886565E+1
1.890135E+1
1.881698E+1
1.877155E+1
1.883969E+1
1.875208E+1
1.870665E+1
1.897923E+1
1.927453E+1
1.933943E+1
1.936539E+1
1.943029E+1
1.962824E+1
1.976777E+1
1.964122E+1
1.940109E+1
1.918691E+1
1.896300E+1
1.880075E+1
1.878777E+1
1.876506E+1
1.879751E+1
1.847625E+1
1.799598E+1
1.747678E+1
1.711009E+1
1.683426E+1
1.683426E+1
1.706141E+1
1.748651E+1
1.782075E+1
1.830426E+1
1.870665E+1
1.899221E+1
1.905711E+1
1.905062E+1
1.918691E+1
1.905711E+1
1.904413E+1
1.922585E+1
1.943678E+1
1.940758E+1
1.922910E+1
1.897923E+1
1.890459E+1
1.919016E+1
1.951466E+1
1.965744E+1
1.976128E+1
2.010201E+1
2.045897E+1
2.072831E+1
2.077374E+1
2.071208E+1
2.045897E+1
2.012797E+1
1.980996E+1
1.975479E+1
1.972559E+1
1.956658E+1
1.937512E+1
1.903764E+1
1.869691E+1
1.819393E+1
1.749625E+1
1.705817E+1
1.685048E+1
1.683101E+1
1.696731E+1
1.715552E+1
1.738267E+1
1.775260E+1
1.807711E+1
1.811280E+1
1.807711E+1
1.776234E+1
1.752545E+1
1.723015E+1
1.685048E+1
1.655519E+1
1.661684E+1
1.686671E+1
1.724962E+1
1.766499E+1
1.779804E+1
1.803492E+1
1.851194E+1
1.874234E+1
1.880724E+1
1.903115E+1
1.910254E+1
1.891433E+1
1.855088E+1
1.809982E+1
1.773962E+1
1.748002E+1
1.741512E+1
1.764876E+1
1.803168E+1
1.827830E+1
1.837890E+1
1.847625E+1
1.872287E+1
1.884943E+1
1.906360E+1
1.920638E+1
1.903115E+1
1.897923E+1
1.927128E+1
1.957307E+1
1.981645E+1
2.000142E+1
2.021235E+1
2.049791E+1
2.053036E+1
2.037460E+1
2.039407E+1
2.054658E+1
2.071857E+1
2.093599E+1
2.117288E+1
2.139354E+1
2.137407E+1
2.127023E+1
2.117288E+1
2.112745E+1
2.105930E+1
2.096195E+1
2.090354E+1
2.084188E+1
2.097493E+1
2.110473E+1
2.109500E+1
2.116963E+1
2.114367E+1
2.085486E+1
2.074129E+1
2.057904E+1
2.037460E+1
2.034215E+1
2.036162E+1
2.045572E+1
2.057255E+1
2.081268E+1
2.103010E+1
2.090354E+1
2.102036E+1
2.108851E+1
2.110149E+1
2.092626E+1
2.047519E+1
2.003711E+1
1.969963E+1
1.945301E+1
1.942380E+1
1.979698E+1
2.028698E+1
2.073804E+1
2.087433E+1
2.088731E+1
2.065692E+1
2.036811E+1
2.018639E+1
2.007605E+1
1.987486E+1
1.965095E+1
1.956009E+1
1.960552E+1
1.956983E+1
1.976777E+1
2.002738E+1
2.010850E+1
2.005009E+1
1.998195E+1
1.988784E+1
1.983917E+1
1.971261E+1
1.971585E+1
1.964771E+1
1.972883E+1
1.992029E+1
2.014095E+1
2.036811E+1
2.060824E+1
2.052387E+1
2.042976E+1
2.035837E+1
2.030321E+1
2.017990E+1
1.986837E+1
1.969638E+1
1.962824E+1
1.956334E+1
1.969963E+1
2.002413E+1
2.024480E+1
2.030645E+1
2.043301E+1
2.075427E+1
2.116639E+1
2.131566E+1
2.109175E+1
2.089380E+1
2.093275E+1
2.094573E+1
2.091003E+1
2.075751E+1
2.072182E+1
2.081268E+1
2.100414E+1
2.116639E+1
2.127347E+1
2.146818E+1
2.159149E+1
2.167262E+1
2.149089E+1
2.127023E+1
2.103659E+1
2.090354E+1
2.092626E+1
2.113718E+1
2.132864E+1
2.137407E+1
2.123778E+1
2.093599E+1
2.047844E+1
2.019288E+1
2.016691E+1
2.023831E+1
2.060175E+1
2.094897E+1
2.094248E+1
2.097493E+1
2.108202E+1
2.099440E+1
2.066016E+1
2.038433E+1
1.993327E+1
1.955685E+1
1.887863E+1
1.828155E+1
1.792784E+1
1.783698E+1
1.789539E+1
1.803817E+1
1.848598E+1
1.909605E+1
1.972883E+1
2.013122E+1
2.034539E+1
2.036162E+1
2.027725E+1
2.046221E+1
2.064394E+1
2.078672E+1
2.096844E+1
2.096195E+1
2.078996E+1
2.056281E+1
2.076725E+1
2.108526E+1
2.127672E+1
2.127023E+1
2.121831E+1
2.130268E+1
2.131242E+1
2.108202E+1
2.062771E+1
2.005009E+1
1.941407E+1
1.909281E+1
1.892082E+1
1.861579E+1
1.834969E+1
1.819718E+1
1.811929E+1
1.821340E+1
1.843082E+1
1.875208E+1
1.918367E+1
1.979049E+1
2.038433E+1
2.078347E+1
2.082241E+1
2.102361E+1
2.115990E+1
2.119559E+1
2.122804E+1
2.118910E+1
2.084837E+1
2.054658E+1
2.035513E+1
2.030321E+1
2.032268E+1
2.036811E+1
2.042003E+1
2.047844E+1
2.055632E+1
2.032592E+1
2.018639E+1
2.017016E+1
2.002738E+1
1.961201E+1
1.934916E+1
1.941082E+1
1.990407E+1
2.043301E+1
2.089380E+1
2.132864E+1
2.167586E+1
2.159473E+1
2.133513E+1
2.099765E+1
2.069261E+1
2.016367E+1
1.973532E+1
1.943354E+1
1.899546E+1
1.864824E+1
1.852492E+1
1.838539E+1
1.816797E+1
1.821340E+1
1.814850E+1
1.807386E+1
1.826532E+1
1.847949E+1
1.869042E+1
1.890459E+1
1.925181E+1
1.938810E+1
1.926479E+1
1.883969E+1
1.845029E+1
1.831075E+1
1.834645E+1
1.824585E+1
1.808035E+1
1.785969E+1
1.749625E+1
1.716850E+1
1.717174E+1
1.742486E+1
1.751572E+1
1.747353E+1
1.741188E+1
1.741512E+1
1.775260E+1
1.815174E+1
1.837565E+1
1.853790E+1
1.844704E+1
1.820691E+1
1.781426E+1
1.738267E+1
1.722691E+1
1.746055E+1
1.794731E+1
1.824585E+1
1.830426E+1
1.837241E+1
1.860605E+1
1.873261E+1
1.898896E+1
1.921287E+1
1.913175E+1
1.894678E+1
1.896625E+1
1.911228E+1
1.928751E+1
1.951791E+1
1.993327E+1
2.038109E+1
2.047519E+1
2.047195E+1
2.077698E+1
2.108526E+1
2.138705E+1
2.165639E+1
2.191924E+1
2.214315E+1
2.198414E+1
2.163367E+1
2.141950E+1
2.099116E+1
2.042003E+1
2.010850E+1
1.995923E+1
1.999493E+1
2.007281E+1
2.023506E+1
2.047844E+1
2.038109E+1
1.999168E+1
1.972559E+1
1.963148E+1
1.950168E+1
1.943678E+1
1.933943E+1
1.928426E+1
1.925506E+1
1.922585E+1
1.895327E+1
1.872612E+1
1.858333E+1
1.872936E+1
1.893055E+1
1.897923E+1
1.917069E+1
1.943029E+1
1.971585E+1
1.997546E+1
2.033890E+1
2.066341E+1
2.085486E+1
2.115341E+1
2.139030E+1
2.154930E+1
2.163367E+1
2.163692E+1
2.135136E+1
2.099765E+1
2.100089E+1
2.129619E+1
2.190950E+1
2.228593E+1
2.200361E+1
2.157526E+1
2.149414E+1
2.177321E+1
2.215937E+1
2.245143E+1
2.256825E+1
2.253580E+1
2.242871E+1
2.235407E+1
2.209123E+1
2.179917E+1
2.159798E+1
2.149089E+1
2.154281E+1
2.147791E+1
2.134811E+1
2.123778E+1
2.100414E+1
2.079321E+1
2.069261E+1
2.043301E+1
2.020586E+1
1.996572E+1
1.963473E+1
1.935565E+1
1.920314E+1
1.902466E+1
1.904413E+1
1.912526E+1
1.902466E+1
1.885592E+1
1.885267E+1
1.901168E+1
1.914473E+1
1.935565E+1
1.970612E+1
1.994950E+1
1.997870E+1
1.971261E+1
1.940758E+1
1.911228E+1
1.886241E+1
1.859632E+1
1.850545E+1
1.849896E+1
1.869691E+1
1.906685E+1
1.943029E+1
1.959579E+1
1.966069E+1
1.970936E+1
1.974506E+1
1.970287E+1
1.974506E+1
1.981645E+1
1.986188E+1
1.985539E+1
1.982619E+1
1.979698E+1
1.962824E+1
1.930373E+1
1.883969E+1
1.845029E+1
1.808035E+1
1.803168E+1
1.832698E+1
1.860281E+1
1.879426E+1
1.894678E+1
1.927128E+1
1.948870E+1
1.962824E+1
1.995274E+1
2.025129E+1
2.029347E+1
2.021884E+1
2.005334E+1
1.990082E+1
1.970287E+1
1.963473E+1
1.945301E+1
1.921287E+1
1.870016E+1
1.801545E+1
1.747678E+1
1.696406E+1
1.639618E+1
1.591591E+1
1.557194E+1
1.528962E+1
1.505598E+1
1.455949E+1
1.417658E+1
1.413763E+1
1.429340E+1
1.451730E+1
1.442969E+1
1.422850E+1
1.406624E+1
1.410843E+1
1.442969E+1
1.496836E+1
1.548108E+1
1.589320E+1
1.626313E+1
1.647082E+1
1.668823E+1
1.693486E+1
1.716525E+1
1.750598E+1
1.775585E+1
1.763578E+1
1.728856E+1
1.703870E+1
1.704519E+1
1.712631E+1
1.707115E+1
1.688293E+1
1.655194E+1
1.616254E+1
1.584452E+1
1.576015E+1
1.563360E+1
1.527015E+1
1.503002E+1
1.487101E+1
1.484505E+1
1.523446E+1
1.561737E+1
1.565956E+1
1.540969E+1
1.503326E+1
1.485154E+1
1.480936E+1
1.462114E+1
1.439399E+1
1.424797E+1
1.426095E+1
1.422850E+1
1.426419E+1
1.416684E+1
1.414412E+1
1.400459E+1
1.366386E+1
1.344969E+1
1.332638E+1
1.330042E+1
1.335558E+1
1.356651E+1
1.372552E+1
1.372227E+1
1.376770E+1
1.373850E+1
1.348538E+1
1.354379E+1
1.379042E+1
1.372876E+1
1.365737E+1
1.369956E+1
1.377095E+1
1.375148E+1
1.354704E+1
1.365088E+1
1.391697E+1
1.419929E+1
1.423499E+1
1.423823E+1
1.433558E+1
1.444916E+1
1.449134E+1
1.444591E+1
1.418307E+1
1.382287E+1
1.366386E+1
1.384558E+1
1.386505E+1
1.390075E+1
1.408896E+1
1.443618E+1
1.481260E+1
1.529287E+1
1.554273E+1
1.558817E+1
1.585101E+1
1.609439E+1
1.618201E+1
1.604572E+1
1.604247E+1
1.613658E+1
1.640267E+1
1.700949E+1
1.775909E+1
1.847300E+1
1.913175E+1
1.961526E+1
2.000466E+1
2.043301E+1
2.092301E+1
2.136434E+1
2.143897E+1
2.120208E+1
2.080943E+1
2.033241E+1
1.986513E+1
1.945950E+1
1.928426E+1
1.927777E+1
1.948546E+1
1.981321E+1
2.009552E+1
2.014744E+1
2.011499E+1
1.995599E+1
1.970612E+1
1.925181E+1
1.879426E+1
1.860930E+1
1.851194E+1
1.832049E+1
1.816148E+1
1.821989E+1
1.791161E+1
1.757737E+1
1.742161E+1
1.734373E+1
1.726260E+1
1.745082E+1
1.774287E+1
1.765850E+1
1.738267E+1
1.728207E+1
1.744757E+1
1.774611E+1
1.784671E+1
1.770717E+1
1.769095E+1
1.797327E+1
1.830426E+1
1.858983E+1
1.883645E+1
1.895327E+1
1.899870E+1
1.910254E+1
1.916095E+1
1.900519E+1
1.867095E+1
1.825883E+1
1.797002E+1
1.789539E+1
1.789863E+1
1.782075E+1
1.767148E+1
1.745731E+1
1.725287E+1
1.711009E+1
1.693486E+1
1.694784E+1
1.694459E+1
1.659088E+1
1.633452E+1
1.624366E+1
1.631830E+1
1.657141E+1
1.692188E+1
1.721393E+1
1.767797E+1
1.806413E+1
1.822314E+1
1.828479E+1
1.838863E+1
1.834645E+1
1.826532E+1
1.811280E+1
1.775909E+1
1.726909E+1
1.676611E+1
1.621121E+1
1.583803E+1
1.577638E+1
1.576664E+1
1.596459E+1
1.624042E+1
1.650976E+1
1.658439E+1
1.674015E+1
1.685048E+1
1.689591E+1
1.705168E+1
1.742810E+1
1.794082E+1
1.837565E+1
1.865797E+1
1.892731E+1
1.929724E+1
1.953738E+1
1.962824E+1
1.947572E+1
1.926804E+1
1.907009E+1
1.889486E+1
1.877804E+1
1.863850E+1
1.848598E+1
1.840161E+1
1.834969E+1
1.844055E+1
1.857684E+1
1.852168E+1
1.833996E+1
1.808360E+1
1.774611E+1
1.717499E+1
1.675313E+1
1.623393E+1
1.600677E+1
1.601976E+1
1.585101E+1
1.546161E+1
1.515982E+1
1.516956E+1
1.555896E+1
1.591916E+1
1.607817E+1
1.632803E+1
1.686346E+1
1.732426E+1
1.766499E+1
1.784347E+1
1.796353E+1
1.812254E+1
1.832049E+1
1.835618E+1
1.838214E+1
1.809009E+1
1.781102E+1
1.793108E+1
1.832373E+1
1.873910E+1
1.913499E+1
1.948546E+1
1.982619E+1
2.009552E+1
2.024804E+1
1.990407E+1
1.927777E+1
1.907009E+1
1.881698E+1
1.851843E+1
1.872936E+1
1.911877E+1
1.934916E+1
1.901168E+1
1.863526E+1
1.883645E+1
1.900519E+1
1.883645E+1
1.849572E+1
1.824585E+1
1.781751E+1
1.768770E+1
1.785320E+1
1.820691E+1
1.843406E+1
1.849247E+1
1.829777E+1
1.819069E+1
1.824585E+1
1.837241E+1
1.851194E+1
1.849247E+1
1.845678E+1
1.851194E+1
1.854439E+1
1.873585E+1
1.894678E+1
1.911228E+1
1.901493E+1
1.878453E+1
1.893380E+1
1.921936E+1
1.929724E+1
1.930373E+1
1.918691E+1
1.920638E+1
1.912526E+1
1.877155E+1
1.820042E+1
1.784022E+1
1.773638E+1
1.769744E+1
1.778181E+1
1.802519E+1
1.823287E+1
1.838863E+1
1.836267E+1
1.835618E+1
1.822963E+1
1.797976E+1
1.779479E+1
1.763254E+1
1.741512E+1
1.709386E+1
1.696082E+1
1.699002E+1
1.683750E+1
1.656168E+1
1.617227E+1
1.598406E+1
1.616903E+1
1.634101E+1
1.629883E+1
1.620797E+1
1.644485E+1
1.664605E+1
1.653247E+1
1.631181E+1
1.616903E+1
1.640591E+1
1.672068E+1
1.677909E+1
1.670121E+1
1.670121E+1
1.666552E+1
1.654545E+1
1.637671E+1
1.608466E+1
1.585750E+1
1.575042E+1
1.571472E+1
1.575042E+1
1.588346E+1
1.614631E+1
1.633128E+1
1.660062E+1
1.700949E+1
1.723340E+1
1.725936E+1
1.743459E+1
1.795055E+1
1.825883E+1
1.833347E+1
1.814850E+1
1.782724E+1
1.787916E+1
1.805764E+1
1.801221E+1
1.766499E+1
1.729505E+1
1.715876E+1
1.715876E+1
1.719770E+1
1.702247E+1
1.697704E+1
1.711333E+1
1.738592E+1
1.746055E+1
1.753194E+1
1.761956E+1
1.772989E+1
1.787592E+1
1.792784E+1
1.773313E+1
1.752870E+1
1.740863E+1
1.717823E+1
1.686995E+1
1.662982E+1
1.659737E+1
1.691539E+1
1.717499E+1
1.706466E+1
1.698353E+1
1.695433E+1
1.680830E+1
1.642214E+1
1.622095E+1
1.643512E+1
1.658764E+1
1.654870E+1
1.659737E+1
1.712307E+1
1.795055E+1
1.838539E+1
1.860930E+1
1.903440E+1
1.949195E+1
1.984241E+1
2.026102E+1
2.061473E+1
2.107228E+1
2.125076E+1
2.105281E+1
2.054983E+1
2.016042E+1
1.997546E+1
1.966718E+1
1.917393E+1
1.876830E+1
1.841135E+1
1.789863E+1
1.755790E+1
1.750274E+1
1.758386E+1
1.781102E+1
1.822963E+1
1.856386E+1
1.880724E+1
1.917718E+1
1.973208E+1
2.038433E+1
2.086784E+1
2.104632E+1
2.085486E+1
2.052387E+1
2.026427E+1
2.013446E+1
2.014095E+1
2.019937E+1
2.025129E+1
2.015069E+1
2.003062E+1
2.027725E+1
2.067963E+1
2.113718E+1
2.152659E+1
2.172129E+1
2.149738E+1
2.095222E+1
2.035837E+1
2.008254E+1
2.002413E+1
1.999817E+1
2.013771E+1
2.018963E+1
2.010526E+1
2.014744E+1
2.006307E+1
2.030645E+1
2.060175E+1
2.083215E+1
2.080294E+1
2.069261E+1
2.047195E+1
2.007281E+1
1.978400E+1
1.991705E+1
2.039731E+1
2.080943E+1
2.098142E+1
2.125076E+1
2.143573E+1
2.138056E+1
2.111447E+1
2.062771E+1
2.018963E+1
1.999817E+1
1.985215E+1
1.969963E+1
1.984890E+1
2.007281E+1
2.030321E+1
2.039731E+1
2.017665E+1
2.003711E+1
1.991380E+1
1.981645E+1
1.985864E+1
1.997221E+1
1.995274E+1
1.996897E+1
2.017016E+1
2.045572E+1
2.073155E+1
2.085162E+1
2.078996E+1
2.052711E+1
2.050764E+1
2.069910E+1
2.096520E+1
2.120533E+1
2.126374E+1
2.124751E+1
2.109175E+1
2.084188E+1
2.065043E+1
2.055957E+1
2.047844E+1
2.042976E+1
2.051089E+1
2.068937E+1
2.090029E+1
2.099116E+1
2.099440E+1
2.091327E+1
2.077049E+1
2.063096E+1
2.047844E+1
2.051089E+1
2.047195E+1
2.026427E+1
1.992678E+1
1.977426E+1
1.940433E+1
1.887863E+1
1.832049E+1
1.793757E+1
1.793433E+1
1.823612E+1
1.849572E+1
1.849247E+1
1.821665E+1
1.776559E+1
1.736969E+1
1.719121E+1
1.708413E+1
1.701923E+1
1.686671E+1
1.668823E+1
1.651625E+1
1.627936E+1
1.587697E+1
1.522472E+1
1.476717E+1
1.453028E+1
1.443293E+1
1.454002E+1
1.495863E+1
1.509167E+1
1.511764E+1
1.518254E+1
1.500730E+1
1.469578E+1
1.460492E+1
1.484830E+1
1.517929E+1
1.544863E+1
1.572121E+1
1.613982E+1
1.634101E+1
1.626313E+1
1.592889E+1
1.555896E+1
1.555896E+1
1.583479E+1
1.622744E+1
1.662333E+1
1.666876E+1
1.661360E+1
1.671419E+1
1.699976E+1
1.688942E+1
1.672717E+1
1.653247E+1
1.634426E+1
1.600028E+1
1.563035E+1
1.552975E+1
1.548108E+1
1.528313E+1
1.504624E+1
1.502028E+1
1.477366E+1
1.454651E+1
1.465684E+1
1.488724E+1
1.511764E+1
1.517605E+1
1.512413E+1
1.507545E+1
1.527015E+1
1.549081E+1
1.549406E+1
1.543889E+1
1.533181E+1
1.544538E+1
1.553624E+1
1.553624E+1
1.529936E+1
1.504624E+1
1.478989E+1
1.476393E+1
1.484830E+1
1.474446E+1
1.435181E+1
1.398187E+1
1.364114E+1
1.355353E+1
1.385532E+1
1.429340E+1
1.463413E+1
1.494240E+1
1.540644E+1
1.579260E+1
1.613333E+1
1.650651E+1
1.677260E+1
1.689591E+1
1.687644E+1
1.694459E+1
1.694459E+1
1.704519E+1
1.711658E+1
1.711982E+1
1.695433E+1
1.668823E+1
1.637346E+1
1.606843E+1
1.614956E+1
1.660711E+1
1.696406E+1
1.713929E+1
1.732426E+1
1.751572E+1
1.762929E+1
1.755141E+1
1.748327E+1
1.746704E+1
1.748002E+1
1.755790E+1
1.772664E+1
1.810956E+1
1.862228E+1
1.878453E+1
1.888512E+1
1.894678E+1
1.889810E+1
1.866122E+1
1.842433E+1
1.829128E+1
1.810956E+1
1.788241E+1
1.740539E+1
1.693810E+1
1.672393E+1
1.683750E+1
1.692188E+1
1.725611E+1
1.775909E+1
1.829453E+1
1.908956E+1
1.981321E+1
2.035513E+1
2.074453E+1
2.096195E+1
2.098791E+1
2.093924E+1
2.087758E+1
2.053360E+1
2.012148E+1
1.965744E+1
1.937837E+1
1.930698E+1
1.942380E+1
1.956983E+1
1.977426E+1
1.976777E+1
1.953738E+1
1.928426E+1
1.903115E+1
1.861579E+1
1.836916E+1
1.831724E+1
1.827181E+1
1.823287E+1
1.815174E+1
1.801221E+1
1.809658E+1
1.835294E+1
1.833996E+1
1.824910E+1
1.790188E+1
1.759360E+1
1.718797E+1
1.668174E+1
1.599704E+1
1.565307E+1
1.581856E+1
1.622095E+1
1.663956E+1
1.683750E+1
1.687644E+1
1.682777E+1
1.683426E+1
1.676287E+1
1.661684E+1
1.644161E+1
1.626962E+1
1.640267E+1
1.663956E+1
1.670770E+1
1.648704E+1
1.636373E+1
1.618850E+1
1.607168E+1
1.574393E+1
1.547134E+1
1.554273E+1
1.584452E+1
1.629234E+1
1.663307E+1
1.675638E+1
1.673366E+1
1.655194E+1
1.648055E+1
1.661360E+1
1.656817E+1
1.606843E+1
1.577962E+1
1.556545E+1
1.514684E+1
1.460816E+1
1.409869E+1
1.393320E+1
1.387154E+1
1.353406E+1
1.348863E+1
1.353081E+1
1.344320E+1
1.339777E+1
1.355028E+1
1.374174E+1
1.380015E+1
1.375472E+1
1.371578E+1
1.384234E+1
1.414412E+1
1.465360E+1
1.494889E+1
1.480936E+1
1.446214E+1
1.413763E+1
1.382287E+1
1.358598E+1
1.377095E+1
1.422201E+1
1.465035E+1
1.480936E+1
1.460816E+1
1.439075E+1
1.421552E+1
1.396889E+1
1.362492E+1
1.357949E+1
1.369956E+1
1.416360E+1
1.480936E+1
1.554598E+1
1.594187E+1
1.610088E+1
1.618525E+1
1.650976E+1
1.675313E+1
1.679207E+1
1.658115E+1
1.645459E+1
1.675962E+1
1.713605E+1
1.734049E+1
1.714903E+1
1.683101E+1
1.642214E+1
1.616903E+1
1.598081E+1
1.599379E+1
1.630207E+1
1.677585E+1
1.730479E+1
1.780453E+1
1.801545E+1
1.794082E+1
1.784996E+1
1.763578E+1
1.708413E+1
1.595810E+1
1.506571E+1
1.503002E+1
1.533830E+1
1.558492E+1
1.578611E+1
1.630856E+1
1.669148E+1
1.669797E+1
1.652923E+1
1.656168E+1
1.671744E+1
1.694459E+1
1.730803E+1
1.790837E+1
1.863850E+1
1.978725E+1
2.027400E+1
1.879102E+1
1.694784E+1
1.555247E+1
1.490022E+1
1.494240E+1
1.576340E+1
1.731777E+1
1.795704E+1
1.783373E+1
1.763254E+1
1.740863E+1
1.713280E+1
1.683750E+1
1.692188E+1
1.685697E+1
1.606519E+1
1.550055E+1
1.543240E+1
1.562386E+1
1.585426E+1
1.647731E+1
1.699002E+1
1.747029E+1
1.782724E+1
1.816148E+1
1.861254E+1
1.937188E+1
2.004036E+1
2.034215E+1
2.037460E+1
2.016367E+1
1.975155E+1
1.967691E+1
2.027400E+1
2.114043E+1
2.104308E+1
2.082566E+1
2.060175E+1
2.006632E+1
1.972559E+1
1.922585E+1
1.852817E+1
1.806737E+1
1.784671E+1
1.742810E+1
1.688293E+1
1.627611E+1
1.579909E+1
1.534479E+1
1.511764E+1
1.539022E+1
1.552002E+1
1.548757E+1
1.570823E+1
1.633777E+1
1.727883E+1
1.799274E+1
1.842757E+1
1.853790E+1
1.844380E+1
1.822314E+1
1.812903E+1
1.822638E+1
1.837890E+1
1.850870E+1
1.845353E+1
1.833671E+1
1.834969E+1
1.858658E+1
1.901168E+1
1.956334E+1
1.990082E+1
1.980347E+1
1.932969E+1
1.867744E+1
1.833347E+1
1.857684E+1
1.908956E+1
1.937512E+1
1.946923E+1
1.941407E+1
1.924208E+1
1.906360E+1
1.924208E+1
1.944327E+1
1.973532E+1
2.004360E+1
2.029347E+1
2.049791E+1
2.071208E+1
2.060824E+1
2.070559E+1
2.091976E+1
2.092626E+1
2.086784E+1
2.103659E+1
2.120533E+1
2.141950E+1
2.172454E+1
2.221778E+1
2.253580E+1
2.237354E+1
2.177646E+1
2.136434E+1
2.127996E+1
2.148116E+1
2.182838E+1
2.181215E+1
2.188030E+1
2.196467E+1
2.205878E+1
2.228268E+1
2.247739E+1
2.278891E+1
2.299984E+1
2.309719E+1
2.295765E+1
2.272401E+1
2.261692E+1
2.265262E+1
2.289924E+1
2.313289E+1
2.328540E+1
2.349633E+1
2.374295E+1
2.373646E+1
2.371699E+1
2.369103E+1
2.356123E+1
2.320428E+1
2.301606E+1
2.291222E+1
2.270129E+1
2.268507E+1
2.244494E+1
2.215613E+1
2.192573E+1
2.178295E+1
2.163367E+1
2.132864E+1
2.111771E+1
2.099116E+1
2.086784E+1
2.040056E+1
2.005334E+1
2.001764E+1
2.004360E+1
2.028374E+1
2.075751E+1
2.077374E+1
2.055957E+1
2.031943E+1
2.000142E+1
1.977751E+1
1.990407E+1
2.021884E+1
2.051413E+1
2.044599E+1
2.024155E+1
2.008254E+1
2.002089E+1
2.028374E+1
2.059851E+1
2.069261E+1
2.044923E+1
1.997870E+1
1.926804E+1
1.892082E+1
1.887863E+1
1.899870E+1
1.896949E+1
1.908632E+1
1.919989E+1
1.909605E+1
1.895327E+1
1.881373E+1
1.866122E+1
1.862877E+1
1.869042E+1
1.872612E+1
1.863526E+1
1.849896E+1
1.846651E+1
1.882671E+1
1.922261E+1
1.932969E+1
1.925830E+1
1.916420E+1
1.879102E+1
1.828479E+1
1.789863E+1
1.773638E+1
1.760658E+1
1.763903E+1
1.784347E+1
1.824910E+1
1.857360E+1
1.866771E+1
1.874234E+1
1.892731E+1
1.931022E+1
1.963148E+1
1.972559E+1
1.956983E+1
1.925506E+1
1.895327E+1
1.868718E+1
1.849896E+1
1.855737E+1
1.882347E+1
1.892731E+1
1.888837E+1
1.910254E+1
1.972559E+1
2.028374E+1
2.057579E+1
2.043950E+1
2.014420E+1
2.006307E+1
2.016691E+1
2.033566E+1
2.036811E+1
2.030645E+1
2.037784E+1
2.044599E+1
2.028374E+1
2.031943E+1
2.042003E+1
2.048168E+1
2.057255E+1
2.091003E+1
2.137732E+1
2.187381E+1
2.201010E+1
2.210096E+1
2.195493E+1
2.174076E+1
2.158175E+1
2.152983E+1
2.177646E+1
2.206527E+1
2.225023E+1
2.220805E+1
2.226321E+1
2.253255E+1
2.255527E+1
2.255527E+1
2.241898E+1
2.230864E+1
2.239951E+1
2.285057E+1
2.338600E+1
2.373322E+1
2.388898E+1
2.408044E+1
2.413885E+1
2.402852E+1
2.384031E+1
2.400905E+1
2.441793E+1
2.459316E+1
2.445362E+1
2.432706E+1
2.405123E+1
2.380137E+1
2.371699E+1
2.365209E+1
2.353852E+1
2.338924E+1
2.331136E+1
2.323997E+1
2.295765E+1
2.260070E+1
2.269805E+1
2.305500E+1
2.319779E+1
2.304527E+1
2.252931E+1
2.196467E+1
2.138381E+1
2.088407E+1
2.055632E+1
2.033241E+1
2.012148E+1
1.997546E+1
2.003062E+1
2.025778E+1
2.044599E+1
2.067963E+1
2.083539E+1
2.077374E+1
2.047844E+1
2.042003E+1
2.061473E+1
2.056930E+1
2.031619E+1
1.990407E+1
1.957632E+1
1.920638E+1
1.871963E+1
1.812578E+1
1.738916E+1
1.672068E+1
1.637995E+1
1.615605E+1
1.589644E+1
1.580883E+1
1.611062E+1
1.648055E+1
1.650651E+1
1.599055E+1
1.516631E+1
1.445565E+1
1.386181E+1
1.363465E+1
1.374499E+1
1.421552E+1
1.497485E+1
1.552326E+1
1.582830E+1
1.612684E+1
1.690890E+1
1.775585E+1
1.833022E+1
1.834320E+1
1.811605E+1
1.787916E+1
1.761631E+1
1.735996E+1
1.711658E+1
1.701598E+1
1.719446E+1
1.755141E+1
1.817446E+1
1.854439E+1
1.863526E+1
1.860281E+1
1.835294E+1
1.780453E+1
1.757088E+1
1.783049E+1
1.828155E+1
1.843731E+1
1.803817E+1
1.770068E+1
1.753843E+1
1.761307E+1
1.740214E+1
1.721717E+1
1.747678E+1
1.779155E+1
1.801221E+1
1.809658E+1
1.793433E+1
1.753194E+1
1.730154E+1
1.739565E+1
1.748002E+1
1.752221E+1
1.783049E+1
1.833996E+1
1.859956E+1
1.840161E+1
1.803168E+1
1.776883E+1
1.777857E+1
1.812254E+1
1.883645E+1
1.965744E+1
2.040705E+1
2.093275E+1
2.098142E+1
2.081268E+1
2.086784E+1
2.080943E+1
2.069261E+1
2.041678E+1
1.970936E+1
1.881698E+1
1.821016E+1
1.808035E+1
1.817446E+1
1.855737E+1
1.906685E+1
1.954387E+1
1.999493E+1
2.062122E+1
2.103010E+1
2.150712E+1
2.208474E+1
2.268507E+1
2.310693E+1
2.336328E+1
2.366507E+1
2.402527E+1
2.440494E+1
2.495336E+1
2.554071E+1
2.467753E+1
2.277269E+1
2.171805E+1
2.104957E+1
1.943678E+1
1.862877E+1
1.920314E+1
1.990082E+1
2.033890E+1
2.076400E+1
2.144222E+1
2.206202E+1
2.183487E+1
2.099440E+1
2.023182E+1
1.974181E+1
1.955360E+1
1.927777E+1
1.886241E+1
1.846002E+1
1.813227E+1
1.798949E+1
1.756764E+1
1.712631E+1
1.711658E+1
1.748002E+1
1.747029E+1
1.707764E+1
1.696731E+1
1.687320E+1
1.675313E+1
1.680505E+1
1.690890E+1
1.679207E+1
1.657466E+1
1.641565E+1
1.634750E+1
1.627936E+1
1.623393E+1
1.618850E+1
1.626313E+1
1.623393E+1
1.598081E+1
1.562386E+1
1.539346E+1
1.548108E+1
1.592240E+1
1.634101E+1
1.651949E+1
1.678234E+1
1.677585E+1
1.703870E+1
1.744108E+1
1.748651E+1
1.758386E+1
1.773313E+1
1.783049E+1
1.793757E+1
1.781426E+1
1.773962E+1
1.764552E+1
1.758062E+1
1.777208E+1
1.815823E+1
1.853141E+1
1.902466E+1
1.963473E+1
2.011499E+1
2.044599E+1
2.074129E+1
2.098142E+1
2.096844E+1
2.105606E+1
2.115990E+1
2.116963E+1
2.125076E+1
2.147142E+1
2.176348E+1
2.202957E+1
2.213990E+1
2.188679E+1
2.147791E+1
2.099765E+1
2.080294E+1
2.079321E+1
2.097818E+1
2.119235E+1
2.094573E+1
2.046221E+1
2.000791E+1
1.934592E+1
1.882671E+1
1.860930E+1
1.839512E+1
1.804141E+1
1.751572E+1
1.706790E+1
1.693486E+1
1.681154E+1
1.678558E+1
1.677909E+1
1.685048E+1
1.720095E+1
1.740863E+1
1.754168E+1
1.758386E+1
1.772989E+1
1.778181E+1
1.780777E+1
1.770068E+1
1.775260E+1
1.786943E+1
1.767797E+1
1.746055E+1
1.737943E+1
1.718472E+1
1.678558E+1
1.644485E+1
1.626638E+1
1.641889E+1
1.655519E+1
1.686346E+1
1.697380E+1
1.676611E+1
1.634750E+1
1.589320E+1
1.526366E+1
1.477042E+1
1.463413E+1
1.456922E+1
1.452055E+1
1.474770E+1
1.508843E+1
1.544863E+1
1.570499E+1
1.585750E+1
1.607168E+1
1.620148E+1
1.622095E+1
1.654545E+1
1.696082E+1
1.729830E+1
1.752221E+1
1.765201E+1
1.770068E+1
1.749949E+1
1.726585E+1
1.716525E+1
1.711333E+1
1.713929E+1
1.716525E+1
1.715552E+1
1.689591E+1
1.661035E+1
1.659737E+1
1.665578E+1
1.647406E+1
1.626313E+1
1.614956E+1
1.593538E+1
1.576015E+1
1.588995E+1
1.620797E+1
1.634426E+1
1.635075E+1
1.635724E+1
1.635724E+1
1.628909E+1
1.630532E+1
1.671744E+1
1.711658E+1
1.712307E+1
1.699651E+1
1.699327E+1
1.690890E+1
1.685048E+1
1.704519E+1
1.748327E+1
1.781426E+1
1.776234E+1
1.761631E+1
1.754817E+1
1.744108E+1
1.744108E+1
1.757413E+1
1.756115E+1
1.727234E+1
1.712307E+1
1.717823E+1
1.720419E+1
1.745082E+1
1.778181E+1
1.815174E+1
1.882347E+1
1.935890E+1
1.970936E+1
1.981645E+1
1.969314E+1
1.955360E+1
1.930373E+1
1.898247E+1
1.889161E+1
1.902791E+1
1.909281E+1
1.898247E+1
1.887863E+1
1.894678E+1
1.905711E+1
1.921612E+1
1.941407E+1
1.964122E+1
1.977102E+1
1.971910E+1
1.955036E+1
1.944652E+1
1.921936E+1
1.895976E+1
1.883320E+1
1.851843E+1
1.825559E+1
1.799274E+1
1.783698E+1
1.803492E+1
1.849572E+1
1.905711E+1
1.952440E+1
1.983268E+1
2.015718E+1
2.030970E+1
2.033566E+1
2.008254E+1
1.978400E+1
1.975479E+1
2.002089E+1
2.015069E+1
2.010201E+1
2.002413E+1
1.989109E+1
2.005658E+1
2.048493E+1
2.098142E+1
2.152659E+1
2.233460E+1
2.311342E+1
2.336653E+1
2.320752E+1
2.306149E+1
2.306149E+1
2.291547E+1
2.260719E+1
2.230540E+1
2.199712E+1
2.191275E+1
2.194195E+1
2.169858E+1
2.140328E+1
2.151036E+1
2.168884E+1
2.175699E+1
2.163043E+1
2.159798E+1
2.137407E+1
2.100414E+1
2.092950E+1
2.094897E+1
2.093599E+1
2.117612E+1
2.155579E+1
2.205878E+1
2.260394E+1
2.290573E+1
2.294143E+1
2.280514E+1
2.260394E+1
2.250659E+1
2.257798E+1
2.255851E+1
2.266235E+1
2.281487E+1
2.313289E+1
2.339573E+1
2.325944E+1
2.283110E+1
2.259421E+1
2.267209E+1
2.271427E+1
2.273050E+1
2.271427E+1
2.252282E+1
2.241573E+1
2.234434E+1
2.221129E+1
2.221454E+1
2.220480E+1
2.222427E+1
2.224699E+1
2.222103E+1
2.221129E+1
2.225997E+1
2.218533E+1
2.221129E+1
2.223076E+1
2.226321E+1
2.223076E+1
2.205553E+1
2.182513E+1
2.185109E+1
2.221454E+1
2.265586E+1
2.301931E+1
2.310044E+1
2.300633E+1
2.275322E+1
2.252282E+1
2.244494E+1
2.230864E+1
2.176997E+1
2.093924E+1
2.044274E+1
2.052062E+1
2.108851E+1
2.157202E+1
2.182838E+1
2.201010E+1
2.204904E+1
2.176672E+1
2.146169E+1
2.121831E+1
2.122480E+1
2.128645E+1
2.154281E+1
2.186732E+1
2.206851E+1
2.209447E+1
2.191924E+1
2.168235E+1
2.132215E+1
2.109175E+1
2.096520E+1
2.080943E+1
2.071857E+1
2.054334E+1
2.018963E+1
2.001764E+1
2.011499E+1
2.022857E+1
2.034215E+1
2.068288E+1
2.088407E+1
2.088731E+1
2.075751E+1
2.056930E+1
2.037460E+1
2.020910E+1
1.994625E+1
1.990731E+1
2.020261E+1
2.054334E+1
2.081592E+1
2.102685E+1
2.113718E+1
2.096844E+1
2.061798E+1
2.031294E+1
2.001764E+1
1.998195E+1
1.995274E+1
1.990407E+1
2.017990E+1
2.066665E+1
2.098142E+1
2.101063E+1
2.077698E+1
2.060175E+1
2.043301E+1
2.028374E+1
2.014095E+1
2.003387E+1
2.001115E+1
1.991705E+1
1.975479E+1
1.960228E+1
1.967367E+1
1.961526E+1
1.964122E+1
1.964446E+1
1.932969E+1
1.916744E+1
1.931671E+1
1.959903E+1
1.974506E+1
1.985539E+1
1.985539E+1
1.976453E+1
1.964122E+1
1.952115E+1
1.967367E+1
1.988784E+1
2.008254E+1
2.017990E+1
2.021235E+1
2.043301E+1
2.085486E+1
2.115665E+1
2.115016E+1
2.094573E+1
2.091327E+1
2.097493E+1
2.113394E+1
2.126698E+1
2.130593E+1
2.121182E+1
2.102685E+1
2.091652E+1
2.104308E+1
2.124102E+1
2.143248E+1
2.139354E+1
2.102036E+1
2.063420E+1
2.041354E+1
2.000791E+1
1.973208E+1
1.961201E+1
1.963148E+1
1.982294E+1
1.977751E+1
1.957632E+1
1.956334E+1
1.976453E+1
2.001764E+1
2.028698E+1
2.062447E+1
2.097169E+1
2.120533E+1
2.134162E+1
2.151036E+1
2.151361E+1
2.142599E+1
2.151036E+1
2.175050E+1
2.205878E+1
2.227619E+1
2.220480E+1
2.217560E+1
2.230864E+1
2.242871E+1
2.239626E+1
2.229566E+1
2.216911E+1
2.196791E+1
2.185758E+1
2.155579E+1
2.135785E+1
2.130268E+1
2.155904E+1
2.188354E+1
2.178295E+1
2.166613E+1
2.155255E+1
2.136109E+1
2.126049E+1
2.110473E+1
2.084188E+1
2.080943E+1
2.073155E+1
2.056606E+1
2.040380E+1
2.029996E+1
2.015069E+1
1.998195E+1
1.993327E+1
2.005334E+1
2.031943E+1
2.066665E+1
2.099116E+1
2.167586E+1
2.213990E+1
2.235732E+1
2.242547E+1
2.248388E+1
2.285706E+1
2.300308E+1
2.280189E+1
2.280189E+1
2.308746E+1
2.333083E+1
2.344441E+1
2.348335E+1
2.343143E+1
2.318156E+1
2.298361E+1
2.283110E+1
2.259421E+1
2.232162E+1
2.191599E+1
2.147142E+1
2.114043E+1
2.103010E+1
2.106579E+1
2.103010E+1
2.085811E+1
2.062447E+1
2.059526E+1
2.060500E+1
2.046221E+1
2.025129E+1
2.003062E+1
1.983592E+1
1.956983E+1
1.945950E+1
1.952764E+1
1.958605E+1
1.973857E+1
1.979049E+1
1.950168E+1
1.918042E+1
1.900195E+1
1.893380E+1
1.882671E+1
1.857035E+1
1.820367E+1
1.761307E+1
1.700300E+1
1.657141E+1
1.613658E+1
1.579909E+1
1.557519E+1
1.556545E+1
1.578287E+1
1.571472E+1
1.553300E+1
1.546485E+1
1.568552E+1
1.600353E+1
1.603598E+1
1.605870E+1
1.598081E+1
1.609115E+1
1.621446E+1
1.628909E+1
1.634426E+1
1.607168E+1
1.576989E+1
1.545512E+1
1.530585E+1
1.521823E+1
1.511439E+1
1.509492E+1
1.514360E+1
1.557843E+1
1.618525E+1
1.665578E+1
1.703870E+1
1.751247E+1
1.783698E+1
1.796678E+1
1.792784E+1
1.788565E+1
1.802519E+1
1.823936E+1
1.844055E+1
1.846327E+1
1.860930E+1
1.873261E+1
1.872287E+1
1.865473E+1
1.892731E+1
1.912201E+1
1.904413E+1
1.894029E+1
1.884294E+1
1.866771E+1
1.831400E+1
1.814201E+1
1.832698E+1
1.861579E+1
1.874883E+1
1.870016E+1
1.841784E+1
1.796678E+1
1.749625E+1
1.721068E+1
1.689916E+1
1.647082E+1
1.605221E+1
1.552002E+1
1.503002E+1
1.479638E+1
1.475095E+1
1.462114E+1
1.451730E+1
1.447836E+1
1.452704E+1
1.484830E+1
1.517929E+1
1.536101E+1
1.531234E+1
1.542267E+1
1.542916E+1
1.508194E+1
1.486777E+1
1.468280E+1
1.469578E+1
1.486128E+1
1.504624E+1
1.519876E+1
1.552002E+1
1.590942E+1
1.631830E+1
1.660386E+1
1.672393E+1
1.688942E+1
1.739241E+1
1.799598E+1
1.855413E+1
1.875532E+1
1.863526E+1
1.831075E+1
1.780128E+1
1.737943E+1
1.709711E+1
1.699651E+1
1.679856E+1
1.646108E+1
1.635724E+1
1.651300E+1
1.679532E+1
1.710035E+1
1.728207E+1
1.763903E+1
1.804141E+1
1.830751E+1
1.847625E+1
1.853790E+1
1.843731E+1
1.839512E+1
1.856711E+1
1.900195E+1
1.935565E+1
1.977426E+1
2.005658E+1
2.017341E+1
2.035837E+1
2.054009E+1
2.076076E+1
2.081917E+1
2.078996E+1
2.048168E+1
2.016042E+1
1.997546E+1
1.991380E+1
2.004036E+1
2.011175E+1
1.998195E+1
1.986513E+1
1.967367E+1
1.947897E+1
1.956009E+1
1.997546E+1
2.057579E+1
2.097169E+1
2.112745E+1
2.103983E+1
2.105281E+1
2.129619E+1
2.140652E+1
2.140328E+1
2.142599E+1
2.147791E+1
2.130917E+1
2.102361E+1
2.092301E+1
2.085811E+1
2.080294E+1
2.089056E+1
2.104632E+1
2.124102E+1
2.127672E+1
2.117937E+1
2.091003E+1
2.069261E+1
2.038758E+1
1.985539E+1
1.932969E+1
1.902791E+1
1.889486E+1
1.898896E+1
1.881049E+1
1.861579E+1
1.853790E+1
1.861579E+1
1.868718E+1
1.875208E+1
1.873910E+1
1.869367E+1
1.860605E+1
1.846976E+1
1.812903E+1
1.768770E+1
1.711982E+1
1.654221E+1
1.635075E+1
1.677260E+1
1.730479E+1
1.762605E+1
1.780777E+1
1.796678E+1
1.814850E+1
1.844704E+1
1.874559E+1
1.904413E+1
1.940433E+1
1.980023E+1
1.995274E+1
2.001115E+1
2.006632E+1
2.029672E+1
2.040380E+1
2.056281E+1
2.076400E+1
2.100738E+1
2.120857E+1
2.127023E+1
2.109500E+1
2.101387E+1
2.106904E+1
2.127023E+1
2.141626E+1
2.135785E+1
2.139030E+1
2.136109E+1
2.146818E+1
2.185434E+1
2.241249E+1
2.266560E+1
2.260394E+1
2.239302E+1
2.228917E+1
2.238328E+1
2.241898E+1
2.252282E+1
2.260394E+1
2.266235E+1
2.279865E+1
2.294143E+1
2.277593E+1
2.265262E+1
2.255851E+1
2.242222E+1
2.197765E+1
2.152659E+1
2.109175E+1
2.065367E+1
2.023182E+1
2.011499E+1
2.042003E+1
2.095222E+1
2.132540E+1
2.138705E+1
2.137407E+1
2.144546E+1
2.174725E+1
2.191599E+1
2.203282E+1
2.223725E+1
2.250010E+1
2.250984E+1
2.247739E+1
2.236705E+1
2.228268E+1
2.199387E+1
2.135460E+1
2.078996E+1
2.060175E+1
2.068937E+1
2.077374E+1
2.072506E+1
2.067963E+1
2.058877E+1
2.055308E+1
2.062122E+1
2.109500E+1
2.152659E+1
2.186083E+1
2.210421E+1
2.208149E+1
2.205878E+1
2.224050E+1
2.228917E+1
2.215613E+1
2.184785E+1
2.142275E+1
2.110149E+1
2.131566E+1
2.158824E+1
2.159473E+1
2.125400E+1
2.073804E+1
2.011175E+1
1.960877E+1
1.919989E+1
1.892731E+1
1.867095E+1
1.842108E+1
1.836267E+1
1.855088E+1
1.888188E+1
1.940109E+1
1.980347E+1
2.030970E+1
2.069586E+1
2.091327E+1
2.092301E+1
2.110798E+1
2.138705E+1
2.161096E+1
2.168560E+1
2.192573E+1
2.227619E+1
2.255527E+1
2.276944E+1
2.287004E+1
2.280838E+1
2.287653E+1
2.305176E+1
2.314587E+1
2.308097E+1
2.275322E+1
2.227944E+1
2.186083E+1
2.179917E+1
2.188679E+1
2.184136E+1
2.148765E+1
2.106904E+1
2.072506E+1
2.045572E+1
2.034539E+1
2.038433E+1
2.077698E+1
2.112745E+1
2.127672E+1
2.140652E+1
2.179593E+1
2.218858E+1
2.262666E+1
2.310693E+1
2.354825E+1
2.368779E+1
2.352554E+1
2.312315E+1
2.265911E+1
2.241573E+1
2.230540E+1
2.239302E+1
2.270454E+1
2.302904E+1
2.305176E+1
2.312964E+1
2.310368E+1
2.301606E+1
2.293818E+1
2.306798E+1
2.318805E+1
2.342494E+1
2.398633E+1
2.453475E+1
2.472296E+1
2.457693E+1
2.444713E+1
2.419402E+1
2.397011E+1
2.375594E+1
2.370726E+1
2.378190E+1
2.402852E+1
2.431733E+1
2.444064E+1
2.442766E+1
2.423620E+1
2.400256E+1
2.382084E+1
2.349633E+1
2.311017E+1
2.275322E+1
2.233460E+1
2.204255E+1
2.224050E+1
2.253580E+1
2.278567E+1
2.301931E+1
2.305176E+1
2.321726E+1
2.364885E+1
2.396362E+1
2.404799E+1
2.416481E+1
2.412912E+1
2.402203E+1
2.405123E+1
2.415832E+1
2.426541E+1
2.436925E+1
2.438223E+1
2.440819E+1
2.466455E+1
2.459640E+1
2.432057E+1
2.432057E+1
2.410640E+1
2.384680E+1
2.356772E+1
2.346713E+1
2.338600E+1
2.319130E+1
2.298686E+1
2.258447E+1
2.230864E+1
2.205878E+1
2.188030E+1
2.182513E+1
2.204904E+1
2.242871E+1
2.267209E+1
2.303878E+1
2.340222E+1
2.348335E+1
2.334057E+1
2.312640E+1
2.290249E+1
2.258123E+1
2.210096E+1
2.201010E+1
2.212692E+1
2.204904E+1
2.226970E+1
2.236381E+1
2.205878E+1
2.167911E+1
2.119884E+1
2.073155E+1
2.044599E+1
2.030970E+1
2.021559E+1
2.008254E+1
1.999168E+1
1.993652E+1
2.005658E+1
2.049142E+1
2.085811E+1
2.109175E+1
2.118261E+1
2.095222E+1
2.069261E+1
2.027076E+1
1.976777E+1
1.914473E+1
1.871638E+1
1.846651E+1
1.833022E+1
1.831400E+1
1.818095E+1
1.766499E+1
1.738592E+1
1.736645E+1
1.772015E+1
1.833996E+1
1.892406E+1
1.930049E+1
1.982294E+1
2.030321E+1
2.060824E+1
2.105930E+1
2.137083E+1
2.147142E+1
2.147791E+1
2.156877E+1
2.180242E+1
2.216911E+1
2.254229E+1
2.298686E+1
2.331785E+1
2.348660E+1
2.361315E+1
2.379163E+1
2.386951E+1
2.369752E+1
2.327242E+1
2.248063E+1
2.160447E+1
2.084837E+1
2.030321E+1
2.011499E+1
2.044923E+1
2.095222E+1
2.106904E+1
2.099765E+1
2.093275E+1
2.101063E+1
2.115341E+1
2.113394E+1
2.109500E+1
2.112745E+1
2.101063E+1
2.108851E+1
2.146169E+1
2.204255E+1
2.243845E+1
2.252931E+1
2.235407E+1
2.234758E+1
2.211394E+1
2.162718E+1
2.116314E+1
2.092626E+1
2.103010E+1
2.120857E+1
2.131566E+1
2.107228E+1
2.072831E+1
2.065043E+1
2.071208E+1
2.070235E+1
2.066665E+1
2.069910E+1
2.064718E+1
2.075427E+1
2.101712E+1
2.141626E+1
2.169858E+1
2.157526E+1
2.108851E+1
2.086784E+1
2.098791E+1
2.118910E+1
2.115665E+1
2.106579E+1
2.098467E+1
2.084837E+1
2.106579E+1
2.144546E+1
2.169209E+1
2.177646E+1
2.160122E+1
2.154281E+1
2.169858E+1
2.195818E+1
2.224050E+1
2.256825E+1
2.302904E+1
2.340547E+1
2.359368E+1
2.359368E+1
2.376567E+1
2.399607E+1
2.415183E+1
2.420375E+1
2.435951E+1
2.458018E+1
2.468726E+1
2.470673E+1
2.490468E+1
2.519674E+1
2.534925E+1
2.533627E+1
2.527137E+1
2.509939E+1
2.481382E+1
2.464508E+1
2.439845E+1
2.422971E+1
2.409342E+1
2.394415E+1
2.380137E+1
2.379163E+1
2.476190E+1
2.635198E+1
2.770192E+1
2.831523E+1
2.810431E+1
2.760781E+1
2.739039E+1
2.748450E+1
2.736119E+1
2.709509E+1
2.681602E+1
2.650125E+1
2.641039E+1
2.692311E+1
2.748125E+1
2.732225E+1
2.700748E+1
2.694907E+1
2.681277E+1
2.736768E+1
2.937312E+1
5.866333E+1
1.010036E+2
1.045539E+2
1.044046E+2
1.044046E+2
1.044046E+2
1.044046E+2
1.044046E+2
1.044046E+2
1.044046E+2
1.044046E+2
1.044046E+2
1.044014E+2
1.044046E+2
1.044046E+2
1.044014E+2
1.044079E+2
1.044079E+2
1.044111E+2
1.044046E+2
1.044079E+2
1.044079E+2
1.044079E+2
1.044046E+2
1.044014E+2
1.044111E+2
1.044046E+2
1.044046E+2
1.044046E+2
1.044079E+2
1.044046E+2
1.044046E+2
1.044046E+2
1.044046E+2
1.044046E+2
1.044046E+2
1.044046E+2
1.044046E+2
1.044046E+2
1.044079E+2
1.044079E+2
1.044079E+2
1.044046E+2
1.044046E+2
1.044046E+2
1.044111E+2
1.044111E+2
1.044046E+2
1.044046E+2
1.044079E+2
1.044079E+2
1.044111E+2
1.044079E+2
1.044079E+2
1.044079E+2
1.044079E+2
1.044111E+2
1.044079E+2
1.044046E+2
1.044111E+2
1.044079E+2
1.044046E+2
1.044046E+2
1.044144E+2
1.044111E+2
1.044079E+2
1.044144E+2
1.044079E+2
1.044046E+2
1.044079E+2
1.044111E+2
1.044046E+2
1.044079E+2
1.044046E+2
1.044079E+2
1.044046E+2
1.044079E+2
1.044111E+2
1.044079E+2
1.044111E+2
1.044079E+2
1.044079E+2
1.044079E+2
1.044046E+2
1.044111E+2
1.044046E+2
1.044079E+2
1.044079E+2
1.044144E+2
1.044079E+2
1.044079E+2
1.044079E+2
1.044111E+2
1.044111E+2
1.044111E+2
1.044144E+2
1.044111E+2
1.044046E+2
1.044111E+2
1.044111E+2
1.044111E+2
1.044079E+2
1.044111E+2
1.044111E+2
1.044144E+2
1.044079E+2
1.044079E+2
1.044046E+2
1.044079E+2
1.044079E+2
1.044111E+2
1.044111E+2
1.044079E+2
1.044079E+2
1.044111E+2
1.044111E+2
1.044046E+2
1.044144E+2
1.044079E+2
1.044079E+2
1.044111E+2
1.044111E+2
1.044111E+2
1.044111E+2
1.044111E+2
1.044111E+2
1.044079E+2
1.044111E+2
1.044176E+2
1.044111E+2
1.044079E+2
1.044079E+2
1.044111E+2
1.044144E+2
1.044144E+2
1.044046E+2
1.044144E+2
1.044046E+2
1.044046E+2
1.044111E+2
1.044111E+2
1.044111E+2
1.044111E+2
1.044111E+2
1.044144E+2
1.044111E+2
1.044111E+2
1.044111E+2
1.044111E+2
1.044079E+2
1.044111E+2
1.044079E+2
1.044111E+2
1.044079E+2
1.044111E+2
1.044079E+2
1.044079E+2
1.044111E+2
1.044111E+2
1.044111E+2
1.044111E+2
1.044111E+2
1.044144E+2
1.044111E+2
1.044046E+2
1.044111E+2
1.044144E+2
1.044144E+2
1.044079E+2
1.044111E+2
1.044111E+2
1.044079E+2
1.044111E+2
1.044111E+2
1.044079E+2
1.044111E+2
1.044111E+2
1.044079E+2
1.044144E+2
1.044046E+2
1.044111E+2
1.044111E+2
1.044111E+2
1.044111E+2
1.044144E+2
1.044111E+2
1.044079E+2
1.044046E+2
1.044111E+2
1.044144E+2
1.044111E+2
1.044176E+2
1.044111E+2
1.044111E+2
1.044079E+2
1.044144E+2
1.044111E+2
1.044111E+2
1.044111E+2
1.044144E+2
1.044111E+2
1.044111E+2
1.044111E+2
1.044111E+2
1.044111E+2
1.044111E+2
1.044046E+2
1.044144E+2
1.044144E+2
1.044176E+2
1.044079E+2
1.044176E+2
1.044111E+2
1.044176E+2
1.044111E+2
1.044046E+2
1.044144E+2
1.044111E+2
1.044111E+2
1.044176E+2
1.044111E+2
1.044111E+2
1.044111E+2
1.044176E+2
1.044111E+2
1.044111E+2
1.044111E+2
1.044111E+2
1.044144E+2
1.044111E+2
1.044111E+2
1.044144E+2
1.044111E+2
1.044111E+2
