5.000000E+1
2.631628E+1
2.625138E+1
2.563806E+1
2.476190E+1
2.469051E+1
2.458342E+1
2.386302E+1
2.320752E+1
2.322050E+1
2.346388E+1
2.353203E+1
2.336977E+1
2.285381E+1
2.210096E+1
2.217884E+1
2.327567E+1
2.489170E+1
2.665052E+1
2.869166E+1
3.022008E+1
3.112221E+1
3.140129E+1
3.208924E+1
3.344243E+1
3.495788E+1
3.646359E+1
3.730731E+1
3.736572E+1
3.721320E+1
3.697307E+1
3.649929E+1
3.623968E+1
3.603524E+1
3.593140E+1
3.598981E+1
3.578213E+1
3.558742E+1
3.540894E+1
3.509093E+1
3.483132E+1
3.519152E+1
3.590544E+1
3.690817E+1
3.777460E+1
3.827110E+1
3.824189E+1
3.821593E+1
3.791090E+1
3.744360E+1
3.754096E+1
3.920244E+1
4.140909E+1
4.310627E+1
4.390456E+1
4.358330E+1
4.264547E+1
4.135393E+1
3.980602E+1
3.834249E+1
3.722294E+1
3.655770E+1
3.612286E+1
3.555822E+1
3.490271E+1
3.447112E+1
3.466582E+1
3.596385E+1
3.777460E+1
3.929979E+1
3.998126E+1
3.992933E+1
3.934197E+1
3.846256E+1
3.843660E+1
3.895257E+1
3.982225E+1
4.050696E+1
4.011755E+1
3.914402E+1
3.806017E+1
3.798878E+1
3.938741E+1
4.081200E+1
4.174658E+1
4.210679E+1
4.199970E+1
4.224632E+1
4.271362E+1
4.296024E+1
4.277852E+1
4.184718E+1
4.079253E+1
4.022788E+1
4.009808E+1
4.022139E+1
4.029278E+1
4.021166E+1
3.971516E+1
3.905641E+1
3.833276E+1
3.746956E+1
3.662909E+1
3.609365E+1
3.559391E+1
3.500331E+1
3.470476E+1
3.492218E+1
3.570424E+1
3.745009E+1
3.971516E+1
4.159731E+1
4.244752E+1
4.211328E+1
4.142207E+1
4.103915E+1
4.165896E+1
4.242805E+1
4.229825E+1
4.122088E+1
3.999748E+1
3.993582E+1
4.134419E+1
4.349244E+1
4.561473E+1
4.733463E+1
4.876897E+1
5.078093E+1
5.386379E+1
5.681036E+1
5.858220E+1
5.956548E+1
5.965310E+1
5.903327E+1
5.853677E+1
5.808894E+1
5.729064E+1
5.666108E+1
5.651181E+1
5.619054E+1
5.576868E+1
5.562914E+1
5.605425E+1
5.699209E+1
5.841994E+1
5.974071E+1
6.077916E+1
6.157097E+1
6.173647E+1
6.094466E+1
6.013338E+1
6.034106E+1
6.125295E+1
6.226219E+1
6.254127E+1
6.166508E+1
6.015934E+1
5.856598E+1
5.684281E+1
5.510667E+1
5.415910E+1
5.337702E+1
5.293244E+1
5.301681E+1
5.318232E+1
5.357173E+1
5.415261E+1
5.479189E+1
5.540522E+1
5.562264E+1
5.520402E+1
5.445116E+1
5.402605E+1
5.437003E+1
5.525270E+1
5.632035E+1
5.719978E+1
5.815709E+1
5.857571E+1
5.859518E+1
5.860167E+1
5.911765E+1
6.014311E+1
6.122374E+1
6.217132E+1
6.292744E+1
6.327143E+1
6.357972E+1
6.456624E+1
6.563065E+1
6.587079E+1
6.531263E+1
6.454677E+1
6.328441E+1
6.211940E+1
6.406324E+1
6.756801E+1
6.987857E+1
7.084563E+1
7.184190E+1
7.427254E+1
7.780006E+1
8.247965E+1
8.746107E+1
9.085235E+1
9.176426E+1
9.055703E+1
8.858717E+1
8.768823E+1
8.837298E+1
9.005077E+1
9.189083E+1
9.302018E+1
9.282871E+1
9.165392E+1
9.049537E+1
8.964187E+1
8.883705E+1
8.844113E+1
8.912912E+1
9.048239E+1
9.119959E+1
9.129370E+1
9.098865E+1
9.069008E+1
9.026496E+1
8.948285E+1
8.860015E+1
8.787970E+1
8.766552E+1
8.767201E+1
8.736371E+1
8.658810E+1
8.565023E+1
8.464421E+1
8.415742E+1
8.408603E+1
8.372581E+1
8.269059E+1
8.131786E+1
8.056822E+1
8.045463E+1
8.019502E+1
7.970175E+1
7.861136E+1
7.697578E+1
7.538564E+1
7.417843E+1
7.334117E+1
7.235788E+1
7.156281E+1
7.095596E+1
7.049515E+1
7.033614E+1
7.067363E+1
7.097219E+1
7.173156E+1
7.260776E+1
7.292254E+1
7.258180E+1
7.182243E+1
7.110524E+1
7.072556E+1
7.060873E+1
7.069960E+1
7.065741E+1
7.067363E+1
7.308480E+1
7.796232E+1
8.310273E+1
8.680553E+1
8.979440E+1
9.385421E+1
9.984499E+1
1.044923E+2
1.044014E+2
1.043981E+2
1.043981E+2
1.043981E+2
1.043949E+2
1.043949E+2
1.043981E+2
1.044014E+2
1.043949E+2
1.043981E+2
1.043981E+2
1.043949E+2
1.043981E+2
1.043949E+2
1.043917E+2
1.043981E+2
1.044014E+2
1.043981E+2
1.043981E+2
1.043949E+2
1.043949E+2
1.043917E+2
1.043949E+2
1.043917E+2
1.043949E+2
1.043949E+2
1.043981E+2
1.043949E+2
1.043949E+2
1.043949E+2
1.043949E+2
1.043949E+2
1.043949E+2
1.043949E+2
1.043981E+2
1.044014E+2
1.043981E+2
1.043981E+2
1.043981E+2
1.043949E+2
1.043981E+2
1.043981E+2
1.043949E+2
1.043981E+2
1.043981E+2
1.043981E+2
1.043949E+2
1.044014E+2
1.043949E+2
1.043981E+2
1.043981E+2
1.043981E+2
1.044014E+2
1.044014E+2
1.043981E+2
1.044014E+2
1.043981E+2
1.043981E+2
1.044014E+2
1.043981E+2
1.043949E+2
1.043949E+2
1.043981E+2
1.043981E+2
1.044014E+2
1.043981E+2
1.043949E+2
1.044014E+2
1.043949E+2
1.043981E+2
1.043981E+2
1.043981E+2
1.043981E+2
1.043981E+2
1.043981E+2
1.043981E+2
1.043787E+2
1.041710E+2
1.039243E+2
1.039146E+2
1.040671E+2
1.041288E+2
1.041677E+2
1.041612E+2
1.041904E+2
1.042651E+2
1.043105E+2
1.043430E+2
1.043722E+2
1.043462E+2
1.042878E+2
1.041515E+2
1.037199E+2
1.022725E+2
1.004486E+2
9.896876E+1
9.788159E+1
9.830672E+1
9.991963E+1
1.021134E+2
1.040477E+2
1.042132E+2
1.043008E+2
1.043105E+2
1.042164E+2
1.039827E+2
1.027301E+2
9.989367E+1
9.649910E+1
9.393859E+1
9.205309E+1
8.965485E+1
8.727284E+1
8.604290E+1
8.479673E+1
8.321631E+1
8.204479E+1
8.122699E+1
8.009442E+1
7.855295E+1
7.732302E+1
7.776112E+1
7.975367E+1
8.126918E+1
8.182087E+1
8.170404E+1
8.005872E+1
7.734573E+1
7.416220E+1
7.086834E+1
6.798015E+1
6.692547E+1
6.737330E+1
6.804829E+1
6.837606E+1
6.727919E+1
6.474472E+1
6.177866E+1
5.992569E+1
5.960442E+1
5.996463E+1
6.045464E+1
6.106797E+1
6.183707E+1
6.322275E+1
6.516984E+1
6.699686E+1
6.872329E+1
7.013494E+1
7.076125E+1
7.009924E+1
6.869084E+1
6.796067E+1
6.771080E+1
6.733760E+1
6.727919E+1
6.835658E+1
6.995645E+1
7.162122E+1
7.294850E+1
7.383444E+1
7.376953E+1
7.343852E+1
7.457109E+1
7.603467E+1
7.606064E+1
7.403564E+1
7.103709E+1
6.786981E+1
6.589351E+1
6.511792E+1
6.525097E+1
6.577019E+1
6.575072E+1
6.502705E+1
6.408920E+1
6.392046E+1
6.481612E+1
6.628293E+1
6.786007E+1
6.872004E+1
6.873302E+1
6.839228E+1
6.786332E+1
6.753880E+1
6.724349E+1
6.653605E+1
6.563065E+1
6.463114E+1
6.337852E+1
6.199284E+1
6.091870E+1
6.028914E+1
6.023397E+1
6.074995E+1
6.088949E+1
6.058120E+1
6.040597E+1
6.089923E+1
6.211291E+1
6.394317E+1
6.527693E+1
6.633485E+1
6.702607E+1
6.689951E+1
6.651333E+1
6.571503E+1
6.239848E+1
5.379240E+1
4.429073E+1
3.810560E+1
3.521099E+1
3.538947E+1
3.710612E+1
3.739493E+1
3.528888E+1
3.153433E+1
2.652721E+1
2.190301E+1
1.946599E+1
1.773962E+1
1.561737E+1
1.365413E+1
1.282989E+1
1.364763E+1
1.536750E+1
1.737294E+1
1.882996E+1
1.964446E+1
2.010526E+1
2.050115E+1
2.116314E+1
2.187705E+1
2.258123E+1
2.348984E+1
2.346064E+1
2.307448E+1
2.196467E+1
1.981321E+1
1.800896E+1
1.767148E+1
1.843731E+1
1.962175E+1
2.064718E+1
2.155904E+1
2.239302E+1
2.324646E+1
2.402527E+1
2.452177E+1
2.419077E+1
2.363911E+1
2.315885E+1
2.246441E+1
2.157202E+1
2.086135E+1
2.016042E+1
1.931022E+1
1.824910E+1
1.705492E+1
1.590293E+1
1.532207E+1
1.549730E+1
1.620148E+1
1.685048E+1
1.702247E+1
1.674989E+1
1.716850E+1
1.807062E+1
1.900195E+1
1.998519E+1
2.105930E+1
2.184136E+1
2.232811E+1
2.237354E+1
2.277593E+1
2.394090E+1
2.490468E+1
2.436925E+1
2.156228E+1
1.725936E+1
1.210624E+1
7.329564E+0
3.818450E+0
1.864947E+0
1.050448E+0
-4.941808E-1
-2.791652E+0
-4.394689E+0
-4.933362E+0
-4.391444E+0
-2.236755E+0
2.327032E-1
2.040178E+0
2.458786E+0
1.861702E+0
1.890908E+0
2.442561E+0
2.536666E+0
2.520441E+0
1.676736E+0
-3.059698E-1
-2.720262E+0
-4.225949E+0
-5.335744E+0
-6.906330E+0
-7.870098E+0
-7.863608E+0
-7.279506E+0
-6.783019E+0
-6.932290E+0
-7.649438E+0
-8.499631E+0
-8.996118E+0
-9.103203E+0
-9.142143E+0
-9.771675E+0
-1.110213E+1
-1.239689E+1
-1.334768E+1
-1.356509E+1
-1.291609E+1
-1.216000E+1
-1.262404E+1
-1.444773E+1
-1.618057E+1
-1.689772E+1
-1.617732E+1
-1.485336E+1
-1.453535E+1
-1.590474E+1
-1.738447E+1
-1.765056E+1
-1.714434E+1
-1.646938E+1
-1.560296E+1
-1.477548E+1
-1.453859E+1
-1.567759E+1
-1.704050E+1
-1.795559E+1
-1.859486E+1
-1.876035E+1
-1.838718E+1
-1.786473E+1
-1.730659E+1
-1.695288E+1
-1.707295E+1
-1.735851E+1
-1.744937E+1
-1.715083E+1
-1.670302E+1
-1.621626E+1
-1.569382E+1
-1.529144E+1
-1.507727E+1
-1.482091E+1
-1.463270E+1
-1.459052E+1
-1.462621E+1
-1.460025E+1
-1.459376E+1
-1.472681E+1
-1.472356E+1
-1.461648E+1
-1.460674E+1
-1.467164E+1
-1.485012E+1
-1.522978E+1
-1.579441E+1
-1.622275E+1
-1.646289E+1
-1.649209E+1
-1.654401E+1
-1.669977E+1
-1.662189E+1
-1.644666E+1
-1.644991E+1
-1.642395E+1
-1.650832E+1
-1.674196E+1
-1.719626E+1
-1.780632E+1
-1.880254E+1
-2.004862E+1
-2.131093E+1
-2.240774E+1
-2.344290E+1
-2.443263E+1
-2.508487E+1
-2.522765E+1
-2.516275E+1
-2.497130E+1
-2.475388E+1
-2.476686E+1
-2.504593E+1
-2.529580E+1
-2.535745E+1
-2.511083E+1
-2.477011E+1
-2.485448E+1
-2.513355E+1
-2.555864E+1
-2.602592E+1
-2.631473E+1
-2.643804E+1
-2.634718E+1
-2.635367E+1
-2.662301E+1
-2.707406E+1
-2.760949E+1
-2.783339E+1
-2.766465E+1
-2.688910E+1
-2.607460E+1
-2.550997E+1
-2.534123E+1
-2.557487E+1
-2.595778E+1
-2.635042E+1
-2.645102E+1
-2.626930E+1
-2.612976E+1
-2.648672E+1
-2.692479E+1
-2.752187E+1
-2.815789E+1
-2.872253E+1
-2.896590E+1
-2.882961E+1
-2.855379E+1
-2.823253E+1
-2.766465E+1
-2.715843E+1
-2.649645E+1
-2.562354E+1
-2.467276E+1
-2.370574E+1
-2.318654E+1
-2.265436E+1
-2.146669E+1
-2.026279E+1
-1.967220E+1
-1.952942E+1
-1.975008E+1
-2.029200E+1
-2.081769E+1
-1.997074E+1
-1.681984E+1
-1.260457E+1
-1.000532E+1
-9.213533E+0
-8.713802E+0
-8.856582E+0
-9.122673E+0
-8.087514E+0
-7.441757E+0
-7.720828E+0
-8.178375E+0
-8.149170E+0
-7.565067E+0
-6.805734E+0
-6.072362E+0
-5.760840E+0
-6.263817E+0
-6.967985E+0
-7.594272E+0
-8.103739E+0
-7.253546E+0
-5.481769E+0
-4.060453E+0
-3.482840E+0
-3.106419E+0
-2.493111E+0
-1.266495E+0
7.843562E-1
2.916334E+0
4.340898E+0
5.080763E+0
5.187849E+0
5.135928E+0
5.301425E+0
4.921757E+0
4.645930E+0
4.431759E+0
4.003416E+0
3.886595E+0
4.087786E+0
4.373348E+0
4.415533E+0
4.623215E+0
4.756261E+0
4.353878E+0
3.740569E+0
3.003949E+0
2.578852E+0
1.903888E+0
1.079653E+0
6.513105E-1
7.681311E-1
1.131573E+0
1.170513E+0
9.855473E-1
1.235414E+0
1.702696E+0
2.442561E+0
3.529643E+0
4.587520E+0
5.103478E+0
4.645930E+0
4.152687E+0
3.961230E+0
3.902820E+0
3.964475E+0
3.776264E+0
3.416067E+0
3.046135E+0
2.767063E+0
3.480967E+0
4.873082E+0
6.174336E+0
6.813605E+0
7.138108E+0
7.404200E+0
7.323074E+0
6.670824E+0
6.060760E+0
6.294402E+0
7.439895E+0
8.900157E+0
1.069141E+1
1.199591E+1
1.253134E+1
1.313167E+1
1.307326E+1
1.226525E+1
1.082770E+1
9.221414E+0
8.234926E+0
8.017510E+0
8.724925E+0
1.022088E+1
1.130797E+1
1.178174E+1
1.187260E+1
1.182393E+1
1.190830E+1
1.223280E+1
1.295644E+1
1.390399E+1
1.507220E+1
1.654221E+1
1.791161E+1
1.927128E+1
2.036811E+1
2.058553E+1
2.042327E+1
1.994950E+1
2.004360E+1
2.108526E+1
2.172778E+1
2.195169E+1
2.176672E+1
2.143897E+1
2.134162E+1
2.138705E+1
2.142599E+1
2.169209E+1
2.246765E+1
2.306798E+1
2.327567E+1
2.355474E+1
2.424594E+1
2.483329E+1
2.517402E+1
2.500852E+1
2.443415E+1
2.405123E+1
2.414210E+1
2.403501E+1
2.373646E+1
2.400580E+1
2.440494E+1
2.446985E+1
2.448283E+1
2.434329E+1
2.411938E+1
2.438872E+1
2.516429E+1
2.604045E+1
2.680628E+1
2.710807E+1
2.700423E+1
2.664728E+1
2.647204E+1
2.661482E+1
2.683224E+1
2.685496E+1
2.671218E+1
2.623191E+1
2.559263E+1
2.460289E+1
2.383057E+1
2.359693E+1
2.371699E+1
2.355799E+1
2.310693E+1
2.296090E+1
2.321077E+1
2.291547E+1
2.124751E+1
1.799598E+1
1.507869E+1
1.380340E+1
1.380989E+1
1.289803E+1
1.054539E+1
7.858503E+0
6.300892E+0
6.242481E+0
7.362015E+0
8.432873E+0
9.029958E+0
9.756844E+0
1.029552E+1
1.062002E+1
1.094128E+1
1.136962E+1
1.148320E+1
1.177201E+1
1.192777E+1
1.163247E+1
1.111651E+1
1.057459E+1
1.003916E+1
9.964526E+0
1.013976E+1
1.048049E+1
1.041883E+1
9.743864E+0
9.000753E+0
8.926117E+0
9.704923E+0
1.025333E+1
1.022737E+1
1.026956E+1
1.044803E+1
1.075631E+1
1.063625E+1
1.045128E+1
1.050645E+1
1.067519E+1
1.067843E+1
1.069466E+1
1.074982E+1
1.056810E+1
1.008135E+1
9.513467E+0
9.127309E+0
9.169494E+0
9.529692E+0
9.893135E+0
1.038638E+1
1.122360E+1
1.231068E+1
1.288181E+1
1.322254E+1
1.361518E+1
1.390399E+1
1.451730E+1
1.523446E+1
1.553300E+1
1.561413E+1
1.553949E+1
1.560439E+1
1.583479E+1
1.614956E+1
1.677909E+1
1.783049E+1
1.895002E+1
2.022857E+1
2.121182E+1
2.174401E+1
2.188354E+1
2.191924E+1
2.166288E+1
2.132540E+1
2.075751E+1
2.042327E+1
2.050115E+1
2.049142E+1
2.023831E+1
1.974506E+1
1.925506E+1
1.916744E+1
1.937188E+1
1.910254E+1
1.832373E+1
1.764876E+1
1.693486E+1
1.644810E+1
1.610413E+1
1.539671E+1
1.453677E+1
1.343671E+1
1.236260E+1
1.141181E+1
1.049671E+1
9.627043E+0
8.974792E+0
8.543204E+0
8.348502E+0
7.907179E+0
7.306849E+0
7.310094E+0
7.546981E+0
7.650822E+0
7.608636E+0
7.264664E+0
7.160823E+0
6.995327E+0
6.609169E+0
5.843343E+0
5.142418E+0
4.613480E+0
3.523153E+0
2.585342E+0
2.169979E+0
1.861702E+0
1.417135E+0
9.238920E-1
6.545555E-1
9.303820E-1
1.848722E+0
3.386862E+0
5.213809E+0
6.683804E+0
7.595656E+0
7.988304E+0
7.482080E+0
6.427448E+0
5.204074E+0
4.370103E+0
4.224077E+0
4.853611E+0
5.778443E+0
6.310627E+0
6.115925E+0
5.999104E+0
6.618904E+0
7.362015E+0
7.482080E+0
6.015330E+0
3.951495E+0
2.290045E+0
1.306804E+0
6.415754E-1
3.689939E-1
4.566094E-1
5.701850E-1
2.943585E-1
-1.307388E-1
-3.676251E-1
1.840279E-1
1.258129E+0
2.108324E+0
2.387396E+0
2.627527E+0
2.942294E+0
3.532888E+0
4.172157E+0
4.775731E+0
5.298179E+0
5.830363E+0
6.537778E+0
7.034267E+0
6.842811E+0
6.394997E+0
6.135395E+0
5.823873E+0
5.535066E+0
5.119703E+0
4.499904E+0
4.019641E+0
4.181892E+0
4.782221E+0
5.427980E+0
6.076985E+0
6.953141E+0
7.637842E+0
8.257642E+0
8.952077E+0
9.646513E+0
1.008459E+1
1.030850E+1
1.049347E+1
1.063949E+1
1.089260E+1
1.101916E+1
1.103539E+1
1.129823E+1
1.191803E+1
1.237883E+1
1.262545E+1
1.260598E+1
1.255730E+1
1.219386E+1
1.137287E+1
1.079201E+1
1.085691E+1
1.138909E+1
1.215168E+1
1.265790E+1
1.295644E+1
1.295644E+1
1.273578E+1
1.233664E+1
1.192452E+1
1.135664E+1
1.077903E+1
1.064923E+1
1.065247E+1
1.087962E+1
1.106459E+1
1.089585E+1
1.051294E+1
1.008784E+1
9.471281E+0
8.627575E+0
7.835788E+0
7.637842E+0
7.254929E+0
6.161356E+0
5.015863E+0
4.496659E+0
4.746526E+0
5.479901E+0
6.213276E+0
6.738970E+0
7.190028E+0
7.598901E+0
8.225191E+0
8.932607E+0
9.442076E+0
1.010731E+1
1.086664E+1
1.152214E+1
1.219062E+1
1.301810E+1
1.368982E+1
1.462439E+1
1.539346E+1
1.543889E+1
1.534154E+1
1.535777E+1
1.540320E+1
1.529287E+1
1.518578E+1
1.541942E+1
1.560439E+1
1.568876E+1
1.558817E+1
1.554922E+1
1.587373E+1
1.650327E+1
1.704519E+1
1.740214E+1
1.745406E+1
1.749300E+1
1.781102E+1
1.819718E+1
1.870016E+1
1.941731E+1
2.001115E+1
2.035188E+1
2.044274E+1
2.060175E+1
2.059202E+1
2.028698E+1
1.965095E+1
1.891757E+1
1.824261E+1
1.784022E+1
1.770717E+1
1.782724E+1
1.748651E+1
1.658439E+1
1.559790E+1
1.474770E+1
1.446538E+1
1.436154E+1
1.459194E+1
1.455300E+1
1.402730E+1
1.369631E+1
1.371903E+1
1.387479E+1
1.380015E+1
1.353730E+1
1.301161E+1
1.285260E+1
1.289803E+1
1.286234E+1
1.296293E+1
1.276823E+1
1.253134E+1
1.244373E+1
1.200240E+1
1.139558E+1
1.040585E+1
9.435586E+0
8.647045E+0
8.173271E+0
7.748173E+0
7.381485E+0
6.956386E+0
6.076985E+0
5.178114E+0
4.457719E+0
3.867125E+0
2.987724E+0
1.705942E+0
8.038263E-1
3.625039E-1
3.073386E-1
6.772706E-1
9.823023E-1
7.356809E-1
-5.285840E-2
-9.517281E-1
-1.840863E+0
-2.197814E+0
-2.347085E+0
-2.421720E+0
-2.463906E+0
-3.018803E+0
-3.946878E+0
-4.446610E+0
-4.599125E+0
-4.871707E+0
-5.332499E+0
-5.786800E+0
-6.198917E+0
-6.520173E+0
-6.760304E+0
-7.107521E+0
-7.334671E+0
-7.477452E+0
-7.120501E+0
-6.422823E+0
-6.013951E+0
-5.686205E+0
-4.956077E+0
-4.138333E+0
-3.184299E+0
-2.181589E+0
-1.178879E+0
-7.408020E-1
-7.115969E-1
-6.466966E-1
-1.080237E-1
8.427665E-1
2.004483E+0
3.000704E+0
3.656198E+0
4.172157E+0
4.843876E+0
5.616192E+0
6.661089E+0
7.757908E+0
8.348502E+0
8.630820E+0
8.890422E+0
9.159759E+0
9.497242E+0
9.721149E+0
1.030201E+1
1.078227E+1
1.083744E+1
1.056810E+1
9.941810E+0
9.182474E+0
8.744395E+0
8.653535E+0
8.890422E+0
9.120819E+0
9.091613E+0
8.939097E+0
8.913137E+0
9.205189E+0
1.009433E+1
1.119115E+1
1.234962E+1
1.308300E+1
1.351783E+1
1.392346E+1
1.406624E+1
1.406949E+1
1.392022E+1
1.363141E+1
1.333287E+1
1.305379E+1
1.259624E+1
1.236909E+1
1.231393E+1
1.233989E+1
1.248591E+1
1.248267E+1
1.234638E+1
1.254108E+1
1.311545E+1
1.401108E+1
1.511439E+1
1.577313E+1
1.596783E+1
1.625340E+1
1.645459E+1
1.641565E+1
1.655519E+1
1.699651E+1
1.757737E+1
1.815499E+1
1.899221E+1
1.959579E+1
1.980672E+1
2.008903E+1
1.989758E+1
1.940758E+1
1.905711E+1
1.891108E+1
1.889161E+1
1.897598E+1
1.913175E+1
1.886241E+1
1.863850E+1
1.897598E+1
1.907658E+1
1.919016E+1
1.915122E+1
1.867420E+1
1.789539E+1
1.709711E+1
1.673366E+1
1.686022E+1
1.728856E+1
1.769744E+1
1.828155E+1
1.867744E+1
1.833996E+1
1.743459E+1
1.678883E+1
1.692837E+1
1.737943E+1
1.786943E+1
1.827506E+1
1.870016E+1
1.856711E+1
1.796678E+1
1.721393E+1
1.688293E+1
1.647082E+1
1.604896E+1
1.615605E+1
1.647406E+1
1.661684E+1
1.671419E+1
1.690890E+1
1.707115E+1
1.697704E+1
1.649678E+1
1.559790E+1
1.483207E+1
1.458869E+1
1.458545E+1
1.453677E+1
1.394942E+1
1.341075E+1
1.338154E+1
1.334909E+1
1.345618E+1
1.415711E+1
1.503975E+1
1.587697E+1
1.627287E+1
1.676936E+1
1.753194E+1
1.818095E+1
1.860281E+1
1.874559E+1
1.883645E+1
1.917393E+1
1.963473E+1
1.963148E+1
1.953089E+1
1.958605E+1
1.948546E+1
1.908632E+1
1.859956E+1
1.846651E+1
1.837890E+1
1.830751E+1
1.780453E+1
1.724962E+1
1.675962E+1
1.628260E+1
1.563035E+1
1.532207E+1
1.564658E+1
1.595810E+1
1.598081E+1
1.601002E+1
1.606519E+1
1.637671E+1
1.672068E+1
1.676611E+1
1.665254E+1
1.644485E+1
1.626638E+1
1.605221E+1
1.567903E+1
1.537724E+1
1.526042E+1
1.512737E+1
1.514035E+1
1.528313E+1
1.569525E+1
1.599379E+1
1.607817E+1
1.605545E+1
1.547134E+1
1.451730E+1
1.413763E+1
1.433234E+1
1.448485E+1
1.446214E+1
1.451406E+1
1.468929E+1
1.445565E+1
1.407273E+1
1.389426E+1
1.365088E+1
1.300836E+1
1.219062E+1
1.203485E+1
1.255081E+1
1.285909E+1
1.324525E+1
1.374174E+1
1.423499E+1
1.476717E+1
1.527989E+1
1.605221E+1
1.704519E+1
1.810631E+1
1.887539E+1
1.943678E+1
1.996897E+1
2.070559E+1
2.137083E+1
2.201984E+1
2.282136E+1
2.336004E+1
2.315560E+1
2.248712E+1
2.195818E+1
2.155255E+1
2.098467E+1
2.047844E+1
2.023831E+1
2.031943E+1
2.031943E+1
2.030970E+1
2.041354E+1
2.078023E+1
2.112745E+1
2.159798E+1
2.228917E+1
2.335030E+1
2.438872E+1
2.466455E+1
2.437574E+1
2.392468E+1
2.302255E+1
2.184785E+1
2.066016E+1
1.993003E+1
2.013446E+1
2.084513E+1
2.125076E+1
2.132540E+1
2.084513E+1
1.966718E+1
1.821665E+1
1.703870E+1
1.637022E+1
1.601326E+1
1.586075E+1
1.592240E+1
1.589320E+1
1.559790E+1
1.541942E+1
1.537724E+1
1.535128E+1
1.527989E+1
1.492618E+1
1.498134E+1
1.571472E+1
1.652598E+1
1.786294E+1
1.951142E+1
2.090354E+1
2.159473E+1
2.196467E+1
2.194520E+1
2.206202E+1
2.230215E+1
2.215288E+1
2.202308E+1
2.180891E+1
2.130593E+1
2.077049E+1
1.990731E+1
1.898247E+1
1.822963E+1
1.773313E+1
1.763578E+1
1.736320E+1
1.681803E+1
1.644485E+1
1.637346E+1
1.658115E+1
1.655843E+1
1.628585E+1
1.626638E+1
1.639293E+1
1.623393E+1
1.558492E+1
1.466009E+1
1.400134E+1
1.365737E+1
1.356651E+1
1.358922E+1
1.372552E+1
1.409869E+1
1.426095E+1
1.422850E+1
1.411167E+1
1.419929E+1
1.473472E+1
1.548757E+1
1.656817E+1
1.806088E+1
1.948870E+1
2.067963E+1
2.161096E+1
2.197116E+1
2.222427E+1
2.279540E+1
2.327891E+1
2.379488E+1
2.424594E+1
2.442766E+1
2.437898E+1
2.408368E+1
2.356123E+1
2.320103E+1
2.265262E+1
2.170507E+1
2.115016E+1
2.074778E+1
2.028374E+1
1.980996E+1
1.941082E+1
1.870665E+1
1.774611E+1
1.676936E+1
1.554922E+1
1.419605E+1
1.335558E+1
1.278770E+1
1.246320E+1
1.249565E+1
1.258975E+1
1.268386E+1
1.267088E+1
1.262220E+1
1.247942E+1
1.235936E+1
1.224903E+1
1.233340E+1
1.242750E+1
1.254757E+1
1.271631E+1
1.254432E+1
1.223929E+1
1.186611E+1
1.168115E+1
1.181419E+1
1.196995E+1
1.209326E+1
1.248591E+1
1.300187E+1
1.341724E+1
1.377419E+1
1.402406E+1
1.407922E+1
1.402081E+1
1.400134E+1
1.393644E+1
1.386181E+1
1.419605E+1
1.472499E+1
1.530260E+1
1.603598E+1
1.647731E+1
1.671744E+1
1.675313E+1
1.682128E+1
1.742161E+1
1.838539E+1
1.926155E+1
1.992678E+1
2.053036E+1
2.085486E+1
2.040380E+1
1.938486E+1
1.860605E+1
1.838214E+1
1.851194E+1
1.888512E+1
1.964771E+1
2.050440E+1
2.098791E+1
2.089380E+1
2.030645E+1
1.938161E+1
1.841784E+1
1.805764E+1
1.817771E+1
1.824910E+1
1.776234E+1
1.689591E+1
1.630207E+1
1.596783E+1
1.560115E+1
1.497161E+1
1.406624E+1
1.315439E+1
1.272929E+1
1.278446E+1
1.265141E+1
1.226201E+1
1.159029E+1
1.090234E+1
1.050320E+1
1.059406E+1
1.093154E+1
1.128201E+1
1.159353E+1
1.151240E+1
1.151565E+1
1.197969E+1
1.256704E+1
1.332313E+1
1.379691E+1
1.361843E+1
1.337181E+1
1.316737E+1
1.282989E+1
1.238532E+1
1.202187E+1
1.174605E+1
1.150916E+1
1.143777E+1
1.158704E+1
1.200889E+1
1.186287E+1
1.123982E+1
1.099320E+1
1.156108E+1
1.262545E+1
1.360869E+1
1.407598E+1
1.403055E+1
1.368982E+1
1.322254E+1
1.315115E+1
1.385532E+1
1.425446E+1
1.431611E+1
1.400459E+1
1.332638E+1
1.278446E+1
1.227823E+1
1.189532E+1
1.152538E+1
1.131770E+1
1.159678E+1
1.195697E+1
1.221658E+1
1.247942E+1
1.307326E+1
1.356002E+1
1.368658E+1
1.364763E+1
1.370929E+1
1.373201E+1
1.396240E+1
1.434856E+1
1.425121E+1
1.431287E+1
1.463737E+1
1.446214E+1
1.393969E+1
1.363141E+1
1.336207E+1
1.322578E+1
1.351459E+1
1.412141E+1
1.454975E+1
1.470552E+1
1.466982E+1
1.450757E+1
1.430962E+1
1.429340E+1
1.458869E+1
1.509492E+1
1.571797E+1
1.649029E+1
1.714578E+1
1.740214E+1
1.723340E+1
1.708737E+1
1.736969E+1
1.773638E+1
1.781102E+1
1.759684E+1
1.705168E+1
1.626638E+1
1.544538E+1
1.466982E+1
1.352432E+1
1.187909E+1
1.029876E+1
9.068898E+0
8.478303E+0
8.293337E+0
8.364727E+0
8.507509E+0
8.721680E+0
9.036448E+0
9.159759E+0
9.107838E+0
8.669760E+0
7.910424E+0
7.232214E+0
6.667579E+0
6.528043E+0
6.862281E+0
7.258174E+0
8.121350E+0
8.913137E+0
9.717904E+0
1.030201E+1
1.063949E+1
1.103214E+1
1.138260E+1
1.146048E+1
1.140856E+1
1.139883E+1
1.120088E+1
1.113923E+1
1.142154E+1
1.204459E+1
1.302134E+1
1.426419E+1
1.578287E+1
1.702247E+1
1.750598E+1
1.757737E+1
1.788890E+1
1.845029E+1
1.904089E+1
1.994625E+1
2.103010E+1
2.186732E+1
2.262666E+1
2.356448E+1
2.456395E+1
2.543038E+1
2.593985E+1
2.605992E+1
2.560237E+1
2.454448E+1
2.293169E+1
2.120857E+1
1.988784E+1
1.921287E+1
1.906036E+1
1.917069E+1
1.931022E+1
1.922585E+1
1.917069E+1
1.894678E+1
1.886565E+1
1.857035E+1
1.838214E+1
1.882671E+1
1.982294E+1
2.062122E+1
2.127023E+1
2.190626E+1
2.242222E+1
2.272726E+1
2.316534E+1
2.318156E+1
2.290249E+1
2.238977E+1
2.171805E+1
2.111447E+1
2.071533E+1
2.004360E+1
1.927453E+1
1.835618E+1
1.740863E+1
1.665254E+1
1.618850E+1
1.587697E+1
1.540969E+1
1.525393E+1
1.523770E+1
1.539346E+1
1.547783E+1
1.561088E+1
1.597432E+1
1.631830E+1
1.651300E+1
1.651949E+1
1.615605E+1
1.580883E+1
1.554273E+1
1.549081E+1
1.543565E+1
1.550055E+1
1.533830E+1
1.513386E+1
1.522148E+1
1.576989E+1
1.638320E+1
1.625015E+1
1.535128E+1
1.452704E+1
1.414412E+1
1.401432E+1
1.352432E+1
1.358922E+1
1.402081E+1
1.420903E+1
1.421552E+1
1.416035E+1
1.349512E+1
1.255730E+1
1.176227E+1
1.130148E+1
1.128525E+1
1.150591E+1
1.176876E+1
1.216466E+1
1.237883E+1
1.243724E+1
1.231393E+1
1.227823E+1
1.211598E+1
1.189856E+1
1.192777E+1
1.198942E+1
1.223605E+1
1.327446E+1
1.509167E+1
1.665903E+1
1.739241E+1
1.757413E+1
1.746704E+1
1.751572E+1
1.754492E+1
1.749625E+1
1.727234E+1
1.694459E+1
1.655519E+1
1.623393E+1
1.611711E+1
1.552975E+1
1.461141E+1
1.366711E+1
1.258975E+1
1.169737E+1
1.084068E+1
9.773069E+0
8.640555E+0
7.933139E+0
7.546981E+0
7.332809E+0
6.933671E+0
6.258706E+0
5.489636E+0
5.217054E+0
5.324140E+0
5.681092E+0
6.420958E+0
7.203008E+0
8.017510E+0
8.750886E+0
9.175984E+0
9.396646E+0
9.789294E+0
1.061678E+1
1.156757E+1
1.199591E+1
1.203810E+1
1.261896E+1
1.343671E+1
1.377744E+1
1.390075E+1
1.409869E+1
1.415711E+1
1.445889E+1
1.496187E+1
1.536750E+1
1.522797E+1
1.502028E+1
1.496836E+1
1.511764E+1
1.558817E+1
1.625989E+1
1.662982E+1
1.653896E+1
1.675313E+1
1.730479E+1
1.745406E+1
1.723664E+1
1.702572E+1
1.708737E+1
1.759360E+1
1.805115E+1
1.836267E+1
1.866122E+1
1.947248E+1
2.058553E+1
2.140652E+1
2.202308E+1
2.210745E+1
2.160771E+1
2.118910E+1
2.110798E+1
2.139354E+1
2.207176E+1
2.264288E+1
2.290249E+1
2.317832E+1
2.352229E+1
2.342494E+1
2.329189E+1
2.349958E+1
2.400256E+1
2.422971E+1
2.431084E+1
2.413236E+1
2.372024E+1
2.325620E+1
2.314587E+1
2.300308E+1
2.312640E+1
2.344766E+1
2.391494E+1
2.445687E+1
2.496309E+1
2.484627E+1
2.412263E+1
2.389872E+1
2.455422E+1
2.531680E+1
2.573866E+1
2.567376E+1
2.529409E+1
2.458667E+1
2.386302E+1
2.310693E+1
2.213341E+1
2.108202E+1
1.997870E+1
1.840161E+1
1.665903E+1
1.540969E+1
1.475419E+1
1.424472E+1
1.396565E+1
1.349187E+1
1.288181E+1
1.214843E+1
1.132419E+1
1.050969E+1
9.821744E+0
9.078633E+0
8.153801E+0
7.546981E+0
7.644332E+0
8.354992E+0
9.007243E+0
9.338235E+0
9.468036E+0
9.889890E+0
1.051618E+1
1.133393E+1
1.213870E+1
1.276823E+1
1.331989E+1
1.415711E+1
1.552651E+1
1.699651E+1
1.838539E+1
1.942056E+1
1.995599E+1
1.995274E+1
1.992029E+1
1.985215E+1
1.939784E+1
1.867420E+1
1.821989E+1
1.779155E+1
1.749300E+1
1.731777E+1
1.716850E+1
1.722042E+1
1.713605E+1
1.713280E+1
1.724638E+1
1.707439E+1
1.671744E+1
1.653896E+1
1.643836E+1
1.620148E+1
1.613009E+1
1.609115E+1
1.593538E+1
1.576015E+1
1.584777E+1
1.629558E+1
1.650002E+1
1.589969E+1
1.516631E+1
1.452055E+1
1.399485E+1
1.376770E+1
1.381313E+1
1.373525E+1
1.341075E+1
1.293373E+1
1.241777E+1
1.190830E+1
1.143128E+1
1.103863E+1
1.089260E+1
1.071088E+1
1.019168E+1
9.614063E+0
9.198699E+0
8.806051E+0
8.851481E+0
9.240885E+0
9.497242E+0
9.588102E+0
9.646513E+0
9.682208E+0
9.633533E+0
9.899625E+0
1.019492E+1
1.033446E+1
1.049671E+1
1.048698E+1
1.022413E+1
1.021439E+1
1.054539E+1
1.068492E+1
1.003592E+1
9.231149E+0
8.812541E+0
8.387443E+0
7.787113E+0
7.355524E+0
7.014797E+0
6.576719E+0
5.892019E+0
5.155398E+0
4.512884E+0
4.207852E+0
3.967721E+0
3.539378E+0
3.308981E+0
3.390107E+0
3.915800E+0
4.934737E+0
5.781688E+0
7.082942E+0
8.841746E+0
1.019492E+1
1.155459E+1
1.287532E+1
1.394293E+1
1.470227E+1
1.504949E+1
1.503002E+1
1.440697E+1
1.315115E+1
1.214519E+1
1.147995E+1
1.097048E+1
1.080823E+1
1.089260E+1
1.157731E+1
1.228797E+1
1.260273E+1
1.273903E+1
1.321605E+1
1.377095E+1
1.400459E+1
1.382611E+1
1.338154E+1
1.290452E+1
1.249889E+1
1.280068E+1
1.365413E+1
1.492942E+1
1.641240E+1
1.765525E+1
1.827830E+1
1.832373E+1
1.811929E+1
1.757737E+1
1.681479E+1
1.622095E+1
1.606519E+1
1.611386E+1
1.606519E+1
1.625340E+1
1.670121E+1
1.685697E+1
1.650002E+1
1.601976E+1
1.544863E+1
1.486128E+1
1.477691E+1
1.510466E+1
1.554922E+1
1.598081E+1
1.622419E+1
1.639293E+1
1.648704E+1
1.658115E+1
1.681479E+1
1.671095E+1
1.637022E+1
1.584452E+1
1.532532E+1
1.472174E+1
1.373201E+1
1.292399E+1
1.255081E+1
1.256704E+1
1.296618E+1
1.322903E+1
1.342373E+1
1.373201E+1
1.364439E+1
1.326797E+1
1.315115E+1
1.340426E+1
1.401108E+1
1.483207E+1
1.570174E+1
1.633128E+1
1.660062E+1
1.671095E+1
1.666876E+1
1.614307E+1
1.538373E+1
1.481260E+1
1.429664E+1
1.382936E+1
1.338479E+1
1.267737E+1
1.241452E+1
1.245671E+1
1.277148E+1
1.325499E+1
1.342048E+1
1.331664E+1
1.325174E+1
1.316413E+1
1.299538E+1
1.317062E+1
1.364439E+1
1.420578E+1
1.505922E+1
1.586399E+1
1.644161E+1
1.704194E+1
1.772989E+1
1.832373E+1
1.851843E+1
1.867095E+1
1.898572E+1
1.948546E+1
1.968665E+1
1.987162E+1
2.027076E+1
2.058228E+1
2.097818E+1
2.106255E+1
2.035837E+1
1.968340E+1
1.950168E+1
1.948546E+1
1.935890E+1
1.929400E+1
1.895976E+1
1.859307E+1
1.823612E+1
1.784671E+1
1.778506E+1
1.808684E+1
1.837890E+1
1.878128E+1
1.936863E+1
2.011499E+1
2.099440E+1
2.209123E+1
2.290249E+1
2.314587E+1
2.326269E+1
2.356123E+1
2.333083E+1
2.261368E+1
2.176023E+1
2.106255E+1
2.044923E+1
1.964122E+1
1.869367E+1
1.793433E+1
1.750274E+1
1.764876E+1
1.846976E+1
1.948546E+1
2.029672E+1
2.091003E+1
2.105281E+1
2.058228E+1
2.011499E+1
1.967691E+1
1.917069E+1
1.862877E+1
1.816797E+1
1.818095E+1
1.877479E+1
1.907334E+1
1.912201E+1
1.894029E+1
1.870016E+1
1.856062E+1
1.872612E+1
1.896949E+1
1.919989E+1
1.937837E+1
1.969963E+1
1.978075E+1
1.926479E+1
1.866122E+1
1.841135E+1
1.810631E+1
1.727234E+1
1.603274E+1
1.457896E+1
1.318360E+1
1.203810E+1
1.101591E+1
1.050320E+1
1.011055E+1
9.536182E+0
8.598369E+0
7.472345E+0
6.651354E+0
6.459898E+0
6.865526E+0
7.647577E+0
8.309562E+0
8.802806E+0
9.347970E+0
9.954791E+0
1.067194E+1
1.088936E+1
1.075307E+1
1.062651E+1
1.033121E+1
9.536182E+0
8.809296E+0
8.510754E+0
8.458833E+0
8.445853E+0
8.170026E+0
7.770888E+0
7.196518E+0
6.635129E+0
6.161356E+0
5.836853E+0
5.122948E+0
4.347388E+0
3.532888E+0
2.731368E+0
2.254350E+0
2.095344E+0
2.131039E+0
2.186204E+0
1.845477E+0
1.533955E+0
1.297069E+0
1.423625E+0
1.631306E+0
1.728657E+0
1.890908E+0
2.410111E+0
3.513418E+0
4.707585E+0
5.723277E+0
6.897976E+0
8.186251E+0
9.341480E+0
1.065247E+1
1.194724E+1
1.328419E+1
1.457896E+1
1.535128E+1
1.620472E+1
1.703545E+1
1.736320E+1
1.752545E+1
1.772664E+1
1.757737E+1
1.724962E+1
1.702572E+1
1.722691E+1
1.809009E+1
1.955360E+1
2.112420E+1
2.216911E+1
2.256176E+1
2.262666E+1
2.264613E+1
2.270778E+1
2.288626E+1
2.346064E+1
2.401878E+1
2.444064E+1
2.458667E+1
2.465157E+1
2.440819E+1
2.401878E+1
2.356123E+1
2.334706E+1
2.362289E+1
2.398309E+1
2.403501E+1
2.416806E+1
2.442766E+1
2.478786E+1
2.493713E+1
2.468077E+1
2.444389E+1
2.410640E+1
2.332759E+1
2.262341E+1
2.252282E+1
2.278891E+1
2.337302E+1
2.422647E+1
2.469700E+1
2.489495E+1
2.507343E+1
2.533627E+1
2.576787E+1
2.612158E+1
2.610860E+1
2.583926E+1
2.547906E+1
2.480733E+1
2.429137E+1
2.444064E+1
2.506044E+1
2.565753E+1
2.619297E+1
2.672516E+1
2.727357E+1
2.779278E+1
2.800046E+1
2.762728E+1
2.660184E+1
2.549853E+1
2.454124E+1
2.394090E+1
2.365858E+1
2.390845E+1
2.397660E+1
2.395064E+1
2.436925E+1
2.470673E+1
2.496309E+1
2.494687E+1
2.487872E+1
2.488846E+1
2.507992E+1
2.551151E+1
2.589118E+1
2.578085E+1
2.541740E+1
2.498256E+1
2.446985E+1
2.403501E+1
2.371050E+1
2.345090E+1
2.310368E+1
2.260070E+1
2.219182E+1
2.207500E+1
2.178619E+1
2.131566E+1
2.088407E+1
2.044274E+1
1.936214E+1
1.792784E+1
1.657466E+1
1.540644E+1
1.482883E+1
1.479962E+1
1.494240E+1
1.493916E+1
1.531234E+1
1.591267E+1
1.647731E+1
1.703870E+1
1.759360E+1
1.822638E+1
1.884294E+1
1.915122E+1
1.940433E+1
1.959903E+1
1.903115E+1
1.805439E+1
1.747678E+1
1.735671E+1
1.757413E+1
1.816797E+1
1.898896E+1
1.981645E+1
2.037460E+1
2.065043E+1
2.080619E+1
2.088731E+1
2.099116E+1
2.061798E+1
1.976777E+1
1.895976E+1
1.899221E+1
1.954387E+1
2.044274E+1
2.117937E+1
2.167262E+1
2.205229E+1
2.225348E+1
2.237354E+1
2.255851E+1
2.282461E+1
2.320103E+1
2.320428E+1
2.302255E+1
2.297712E+1
2.267209E+1
2.189977E+1
2.084513E+1
1.984566E+1
1.898572E+1
1.861579E+1
1.879102E+1
1.886565E+1
1.886241E+1
1.901817E+1
1.929724E+1
1.960228E+1
1.955036E+1
1.948546E+1
1.974830E+1
1.993652E+1
1.985215E+1
1.990407E+1
2.041678E+1
2.127023E+1
2.203282E+1
2.200685E+1
2.117612E+1
2.022208E+1
1.946599E+1
1.901817E+1
1.862552E+1
1.818420E+1
1.753519E+1
1.645459E+1
1.510790E+1
1.407273E+1
1.334585E+1
1.265790E+1
1.209002E+1
1.206406E+1
1.267413E+1
1.345293E+1
1.413439E+1
1.443942E+1
1.418631E+1
1.404677E+1
1.402406E+1
1.433883E+1
1.499108E+1
1.578611E+1
1.693161E+1
1.787592E+1
1.831075E+1
1.822638E+1
1.775909E+1
1.724313E+1
1.699976E+1
1.709711E+1
1.732101E+1
1.772340E+1
1.828155E+1
1.857360E+1
1.859307E+1
1.878777E+1
1.933618E+1
1.991380E+1
2.068612E+1
2.185109E+1
2.280838E+1
2.359693E+1
2.437249E+1
2.523568E+1
2.595932E+1
2.617674E+1
2.630005E+1
2.625138E+1
2.602423E+1
2.541740E+1
2.441793E+1
2.333732E+1
2.249686E+1
2.187381E+1
2.121831E+1
2.076400E+1
2.052062E+1
2.027725E+1
2.031294E+1
2.053685E+1
2.049142E+1
2.025453E+1
1.966393E+1
1.901168E+1
1.862877E+1
1.870016E+1
1.904413E+1
1.908307E+1
1.856386E+1
1.786294E+1
1.722691E+1
1.701274E+1
1.714903E+1
1.755141E+1
1.777208E+1
1.783373E+1
1.800896E+1
1.807386E+1
1.820691E+1
1.835294E+1
1.824261E+1
1.767797E+1
1.701274E+1
1.653896E+1
1.628260E+1
1.637022E+1
1.694459E+1
1.799274E+1
1.915446E+1
1.969314E+1
1.980347E+1
1.970287E+1
1.958281E+1
1.967042E+1
1.995599E+1
2.028049E+1
2.071857E+1
2.097169E+1
2.091652E+1
2.108202E+1
2.167911E+1
2.235407E+1
2.298037E+1
2.320428E+1
2.349633E+1
2.425243E+1
2.533952E+1
2.626760E+1
2.647853E+1
2.604370E+1
2.542389E+1
2.480733E+1
2.421673E+1
2.396686E+1
2.421673E+1
2.464508E+1
2.468726E+1
2.446336E+1
2.432057E+1
2.405448E+1
2.348984E+1
2.275971E+1
2.235407E+1
2.229566E+1
2.204580E+1
2.185434E+1
2.202633E+1
2.234758E+1
2.268507E+1
2.290898E+1
2.301931E+1
2.264288E+1
2.206527E+1
2.161420E+1
2.126049E+1
2.105606E+1
2.044923E+1
1.975479E+1
1.908307E+1
1.840810E+1
1.732426E+1
1.595161E+1
1.464062E+1
1.347240E+1
1.270982E+1
1.213870E+1
1.139883E+1
1.009108E+1
8.611349E+0
7.621617E+0
7.456120E+0
7.991549E+0
8.705455E+0
9.234394E+0
9.688698E+0
1.025009E+1
1.072711E+1
1.119439E+1
1.160651E+1
1.197644E+1
1.258651E+1
1.328095E+1
1.371578E+1
1.368658E+1
1.365413E+1
1.377744E+1
1.402730E+1
1.431936E+1
1.466333E+1
1.505922E+1
1.558492E+1
1.646432E+1
1.708737E+1
1.683750E+1
1.640591E+1
1.612684E+1
1.592889E+1
1.568876E+1
1.533505E+1
1.537724E+1
1.564658E+1
1.580558E+1
1.594836E+1
1.606843E+1
1.599379E+1
1.594836E+1
1.571472E+1
1.509492E+1
1.457896E+1
1.431611E+1
1.427717E+1
1.434532E+1
1.456598E+1
1.494565E+1
1.573095E+1
1.633777E+1
1.649353E+1
1.662982E+1
1.664929E+1
1.676287E+1
1.683750E+1
1.699976E+1
1.696731E+1
1.660062E+1
1.622095E+1
1.593214E+1
1.554598E+1
1.512737E+1
1.475095E+1
1.427068E+1
1.353406E+1
1.274876E+1
1.217439E+1
1.191154E+1
1.159029E+1
1.087962E+1
1.042207E+1
1.039611E+1
1.049347E+1
1.073684E+1
1.155783E+1
1.257028E+1
1.319658E+1
1.341399E+1
1.349187E+1
1.370280E+1
1.359896E+1
1.316413E+1
1.293048E+1
1.308300E+1
1.345618E+1
1.396889E+1
1.440697E+1
1.502353E+1
1.530585E+1
1.539995E+1
1.574068E+1
1.617227E+1
1.643512E+1
1.667201E+1
1.699327E+1
1.723664E+1
1.772340E+1
1.839512E+1
1.892731E+1
1.931022E+1
1.943678E+1
1.945625E+1
1.956009E+1
1.984241E+1
2.006632E+1
2.010526E+1
2.018314E+1
2.011175E+1
2.016691E+1
2.027400E+1
2.016042E+1
1.998844E+1
1.968665E+1
1.901817E+1
1.809982E+1
1.716850E+1
1.633128E+1
1.539022E+1
1.445565E+1
1.387479E+1
1.380015E+1
1.405651E+1
1.427068E+1
1.448161E+1
1.470876E+1
1.489697E+1
1.551353E+1
1.619499E+1
1.626313E+1
1.593538E+1
1.543565E+1
1.486128E+1
1.445889E+1
1.393969E+1
1.346591E+1
1.326797E+1
1.331340E+1
1.350810E+1
1.411816E+1
1.539346E+1
1.686022E+1
1.808035E+1
1.907658E+1
1.974830E+1
1.999493E+1
2.002413E+1
1.949195E+1
1.861903E+1
1.781751E+1
1.696082E+1
1.637346E+1
1.606519E+1
1.607168E+1
1.599379E+1
1.576015E+1
1.564333E+1
1.552975E+1
1.543240E+1
1.539022E+1
1.576015E+1
1.664929E+1
1.744433E+1
1.773962E+1
1.758386E+1
1.735671E+1
1.723015E+1
1.724638E+1
1.748002E+1
1.781426E+1
1.815174E+1
1.801545E+1
1.714903E+1
1.629558E+1
1.590618E+1
1.575366E+1
1.603598E+1
1.669797E+1
1.729505E+1
1.742810E+1
1.719446E+1
1.706141E+1
1.707764E+1
1.686346E+1
1.634426E+1
1.534803E+1
1.408571E+1
1.304406E+1
1.245346E+1
1.194075E+1
1.204783E+1
1.256704E+1
1.324525E+1
1.403379E+1
1.478340E+1
1.488399E+1
1.503326E+1
1.541293E+1
1.577962E+1
1.614631E+1
1.684399E+1
1.790512E+1
1.896949E+1
1.987486E+1
2.062771E+1
2.124102E+1
2.177321E+1
2.251633E+1
2.336977E+1
2.402852E+1
2.422322E+1
2.427839E+1
2.423620E+1
2.443740E+1
2.503448E+1
2.561859E+1
2.615727E+1
2.630005E+1
2.599826E+1
2.552773E+1
2.471322E+1
2.410316E+1
2.417779E+1
2.465481E+1
2.509614E+1
2.514806E+1
2.434004E+1
2.287004E+1
2.180242E+1
2.142924E+1
2.112096E+1
2.088407E+1
2.064718E+1
2.006307E+1
1.946923E+1
1.899221E+1
1.895002E+1
1.949844E+1
1.994950E+1
2.035513E+1
2.077049E+1
2.152334E+1
2.223725E+1
2.277593E+1
2.315560E+1
2.333732E+1
2.325944E+1
2.297388E+1
2.263964E+1
2.235083E+1
2.234109E+1
2.272401E+1
2.345739E+1
2.422322E+1
2.461263E+1
2.466779E+1
2.492091E+1
2.564780E+1
4.436212E+1
9.446107E+1
1.046513E+2
1.044079E+2
1.043917E+2
1.043981E+2
1.043949E+2
1.043949E+2
1.043949E+2
1.043981E+2
1.043949E+2
1.043981E+2
1.043949E+2
1.043949E+2
1.044014E+2
1.043949E+2
1.043981E+2
1.044014E+2
1.043981E+2
1.043981E+2
1.043949E+2
1.043981E+2
1.043949E+2
1.044014E+2
1.043981E+2
1.043981E+2
1.043981E+2
1.044046E+2
1.043949E+2
1.043981E+2
1.043981E+2
1.043981E+2
1.044014E+2
1.044014E+2
1.043981E+2
1.043981E+2
1.043981E+2
1.043981E+2
1.043981E+2
1.044014E+2
1.043949E+2
1.043981E+2
1.044014E+2
1.043981E+2
1.043981E+2
1.043981E+2
1.044014E+2
1.043981E+2
1.044046E+2
1.043981E+2
1.044046E+2
1.044014E+2
1.044014E+2
1.044014E+2
1.044014E+2
1.043981E+2
1.043981E+2
1.044014E+2
1.044046E+2
1.044046E+2
1.044046E+2
1.043981E+2
1.043981E+2
1.044014E+2
1.044046E+2
1.044014E+2
1.044014E+2
1.044014E+2
1.044014E+2
1.044046E+2
1.043981E+2
1.043981E+2
1.043949E+2
1.043981E+2
1.044014E+2
1.043981E+2
1.043981E+2
1.044046E+2
1.044014E+2
1.044014E+2
1.044014E+2
1.044046E+2
1.044014E+2
1.043981E+2
1.044046E+2
1.043981E+2
1.044046E+2
1.044014E+2
1.044014E+2
1.044014E+2
1.044079E+2
1.044079E+2
1.043981E+2
1.043981E+2
1.044079E+2
1.044079E+2
1.044014E+2
1.044014E+2
1.044046E+2
1.044014E+2
1.044046E+2
1.043981E+2
1.044046E+2
1.044014E+2
1.044014E+2
1.044046E+2
1.044046E+2
1.044046E+2
1.043981E+2
1.043981E+2
1.044079E+2
1.044079E+2
1.044046E+2
1.044046E+2
1.044046E+2
1.044014E+2
1.044014E+2
1.044046E+2
1.044046E+2
1.044014E+2
1.044046E+2
1.044046E+2
1.044014E+2
1.044046E+2
1.044046E+2
1.044014E+2
1.044046E+2
1.044014E+2
1.044014E+2
1.044014E+2
1.044046E+2
1.044046E+2
1.044046E+2
1.044014E+2
1.044046E+2
1.044014E+2
1.044014E+2
1.044079E+2
1.044014E+2
1.043981E+2
1.044046E+2
1.044046E+2
1.044046E+2
1.044014E+2
1.044014E+2
1.044046E+2
1.044046E+2
1.044079E+2
1.044014E+2
1.044046E+2
1.044046E+2
1.044079E+2
1.044014E+2
1.043981E+2
1.044046E+2
1.044079E+2
1.044079E+2
1.044046E+2
1.044046E+2
1.044046E+2
1.044046E+2
1.044046E+2
1.044014E+2
1.044079E+2
1.044046E+2
1.044046E+2
1.044079E+2
1.044046E+2
1.044046E+2
1.043981E+2
1.044014E+2
1.044079E+2
1.044046E+2
1.044046E+2
1.044046E+2
1.044046E+2
1.044014E+2
1.044046E+2
1.044014E+2
1.044046E+2
1.044046E+2
1.044046E+2
1.044046E+2
1.044046E+2
1.044014E+2
1.044079E+2
1.044046E+2
1.044079E+2
1.044046E+2
1.044046E+2
1.044046E+2
1.044046E+2
1.044079E+2
1.044014E+2
1.044046E+2
1.044014E+2
1.044046E+2
1.044046E+2
1.044079E+2
1.044014E+2
1.044079E+2
1.044046E+2
1.044079E+2
1.044046E+2
1.044046E+2
1.044079E+2
1.044046E+2
1.044046E+2
1.044046E+2
1.044111E+2
1.044046E+2
1.044014E+2
1.044111E+2
1.044079E+2
1.044079E+2
1.044046E+2
1.044046E+2
1.044046E+2
1.044046E+2
1.044014E+2
1.044014E+2
1.044046E+2
1.044111E+2
1.044046E+2
1.044046E+2
1.044079E+2
1.044079E+2
1.044046E+2
1.044046E+2
1.044111E+2
1.044079E+2
1.044046E+2
1.044046E+2
1.044046E+2
1.044111E+2
1.044079E+2
1.044046E+2
1.044111E+2
1.044046E+2
1.044079E+2
1.044046E+2
1.044079E+2
1.044046E+2
1.044046E+2
1.044079E+2
1.044046E+2
1.044046E+2
1.044079E+2
1.044014E+2
1.044046E+2
1.044046E+2
1.044079E+2
1.044111E+2
1.044079E+2
1.044079E+2
1.044046E+2
1.044014E+2
1.044046E+2
1.044046E+2
1.044046E+2
1.044079E+2
1.044079E+2
1.044111E+2
1.044079E+2
1.044111E+2
1.044046E+2
1.044046E+2
1.044046E+2
1.044079E+2
1.044046E+2
1.044046E+2
1.044079E+2
1.044111E+2
1.044079E+2
1.044046E+2
1.044111E+2
1.044046E+2
1.044111E+2
1.044046E+2
1.044046E+2
1.044046E+2
1.044111E+2
1.044079E+2
1.044046E+2
1.044014E+2
1.044046E+2
1.044111E+2
1.044046E+2
1.044046E+2
1.044079E+2
1.044079E+2
1.044079E+2
1.044079E+2
1.044046E+2
1.044046E+2
1.044111E+2
1.044046E+2
1.044046E+2
1.044111E+2
1.044046E+2
1.044046E+2
1.044014E+2
1.044014E+2
1.044046E+2
1.044079E+2
1.044079E+2
1.044046E+2
1.044079E+2
1.044079E+2
1.044046E+2
1.044046E+2
1.044046E+2
1.044111E+2
1.044079E+2
1.044079E+2
1.044079E+2
1.044079E+2
1.044144E+2
1.044046E+2
1.044046E+2
1.044046E+2
1.044079E+2
1.044046E+2
1.044046E+2
1.044079E+2
1.044046E+2
1.044079E+2
1.044111E+2
1.044046E+2
1.044079E+2
1.044046E+2
1.044014E+2
1.044079E+2
1.044046E+2
1.044111E+2
1.044046E+2
1.044046E+2
1.044111E+2
1.044079E+2
1.044079E+2
1.044079E+2
1.044111E+2
1.044111E+2
1.044111E+2
1.044046E+2
1.044046E+2
1.044046E+2
1.044111E+2
1.044046E+2
1.044079E+2
1.044079E+2
1.044111E+2
1.044111E+2
1.044079E+2
1.044111E+2
1.044079E+2
1.044079E+2
1.044079E+2
1.044111E+2
1.044046E+2
1.044079E+2
1.044111E+2
1.044111E+2
1.044111E+2
1.044079E+2
1.044079E+2
1.044079E+2
1.044046E+2
1.044111E+2
1.044079E+2
1.044079E+2
1.044079E+2
1.044079E+2
1.044079E+2
1.044111E+2
1.044111E+2
1.044079E+2
1.044111E+2
1.044079E+2
1.044079E+2
1.044111E+2
1.044079E+2
1.044111E+2
1.044079E+2
1.044079E+2
1.044079E+2
1.044079E+2
1.044111E+2
1.044079E+2
1.044046E+2
1.044111E+2
1.044079E+2
1.044079E+2
1.044079E+2
1.044111E+2
1.044111E+2
1.044079E+2
1.044079E+2
1.044111E+2
1.044046E+2
1.044111E+2
1.044079E+2
1.044111E+2
1.044111E+2
1.044079E+2
1.044079E+2
1.044046E+2
1.044046E+2
1.044046E+2
1.044079E+2
1.044079E+2
1.044111E+2
1.044046E+2
1.044111E+2
1.044046E+2
1.044079E+2
1.044111E+2
1.044046E+2
1.044111E+2
1.044144E+2
1.044046E+2
1.044111E+2
1.044111E+2
1.044111E+2
1.044079E+2
1.044046E+2
1.044079E+2
1.044046E+2
1.044144E+2
1.044079E+2
1.044079E+2
1.044046E+2
1.044144E+2
1.044079E+2
1.044111E+2
1.044079E+2
1.044111E+2
1.044111E+2
1.044079E+2
1.044079E+2
1.044046E+2
1.044111E+2
1.044111E+2
1.044079E+2
1.044111E+2
1.044046E+2
1.044079E+2
1.044111E+2
1.044079E+2
1.044111E+2
1.044079E+2
1.044111E+2
1.044046E+2
1.044046E+2
1.044111E+2
1.044079E+2
1.044079E+2
1.044046E+2
1.044079E+2
1.044079E+2
1.044111E+2
1.044111E+2
1.044079E+2
1.044111E+2
1.044111E+2
1.044079E+2
1.044111E+2
1.044079E+2
1.044079E+2
